0.595019 0.0790124
0.36848 0.282388
0.902188 0.0479141
0.938505 0.0426038
0.572588 0.0505081
0.793115 0.554521
0.196661 0.673544
0.324961 0.852443
0.292795 0.835322
0.350963 0.31428
0.462813 0.137974
0.843806 0.20127
0.720054 0.479354
0.54442 0.615955
0.229377 0.846156
0.443648 0.169622
0.982971 0.2978
0.581866 0.368297
0.814844 0.315622
0.709494 0.980316
0.202826 0.637501
0.531327 0.194067
0.976226 0.333537
0.00143437 0.945769
0.506546 0.613941
0.215339 0.564867
0.35081 0.818232
0.676321 0.964995
0.61916 0.377941
0.344981 0.43849
0.563219 0.174718
0.573595 0.404218
0.780786 0.329295
0.998169 0.0553301
0.709403 0.778466
0.836085 0.165319
0.827326 0.733299
0.425275 0.135533
0.522996 0.1536
0.55327 0.651814
0.309061 0.566759
0.360485 0.0993683
0.798181 0.900601
0.313242 0.935881
0.39668 0.108188
0.854366 0.761315
0.410718 0.633534
0.56859 0.719382
0.795404 0.999664
0.798151 0.436262
0.355602 0.585192
0.135624 0.930082
0.105197 0.153233
0.245521 0.879696
0.380261 0.735649
0.60268 0.70452
0.0384228 0.774743
0.784997 0.518296
0.0807825 0.181249
0.991302 0.0917081
0.0760216 0.852504
0.38197 0.441939
0.202063 0.109745
0.0133366 0.980682
0.899747 0.0859096
0.555956 0.486923
0.19071 0.446791
0.612568 0.339793
0.222663 0.302622
0.960234 0.656178
0.674001 0.164892
0.121128 0.381115
0.325236 0.204718
0.0540178 0.291604
0.35963 0.475021
0.0606708 0.227088
0.227241 0.599963
0.930418 0.181371
0.601062 0.241646
0.592792 0.484146
0.00418104 0.789422
0.342448 0.54857
0.835841 0.904752
0.732017 0.405591
0.706412 0.825617
0.194281 0.277779
0.321665 0.794183
0.542619 0.689047
0.541124 0.337046
0.662801 0.114536
0.525712 0.952269
0.61449 0.414747
0.683767 0.466628
0.401715 0.929106
0.746605 0.993591
0.178533 0.138737
0.886959 0.779565
0.757988 0.906705
0.562883 0.946043
0.448866 0.00756859
0.911557 0.614704
0.90762 0.744682
0.00128178 0.864193
0.572283 0.579333
0.723838 0.0564898
0.43379 0.382305
0.179479 0.410993
0.821528 0.78222
0.0513627 0.822962
0.51265 0.416333
0.16184 0.690939
0.90112 0.217811
0.0924406 0.302774
0.0833766 0.374767
0.95053 0.00650044
0.31785 0.111209
0.285165 0.0938444
0.552721 0.230232
0.385662 0.833857
0.106113 0.953551
0.569506 0.264931
0.830836 0.556108
0.98291 0.686514
0.551958 0.129124
0.872127 0.112033
0.694662 0.861751
0.668752 0.818812
0.697684 0.135319
0.040437 0.864071
0.385327 0.560442
0.690695 0.616138
0.7257 0.630604
0.911557 0.872311
0.217627 0.480636
0.833491 0.996643
0.276437 0.961119
0.448897 0.643086
0.873348 0.725028
0.265664 0.449019
0.854152 0.803278
0.836116 0.439283
0.36552 0.9111
0.103763 0.340526
0.961394 0.233955
0.324931 0.899014
0.935392 0.329264
0.157414 0.512925
0.108615 0.583728
0.749687 0.779656
0.997467 0.133091
0.0592364 0.61919
0.177252 0.370067
0.133061 0.544053
0.997528 0.506272
0.787988 0.162114
0.0511795 0.658437
0.205908 0.229225
0.947172 0.703787
0.160314 0.632557
0.535478 0.570025
0.468368 0.567156
0.755181 0.492111
0.0346385 0.255043
0.134922 0.663961
0.652089 0.736717
0.00503555 0.504929
0.814386 0.069277
0.202887 0.818018
0.141545 0.115085
0.878658 0.408704
0.962004 0.394024
0.249031 0.535691
0.995636 0.766472
0.103641 0.509568
0.236518 0.999451
0.539262 0.380108
0.667592 0.0516373
0.0416272 0.187414
0.0256661 0.143895
0.359294 0.87286
0.921049 0.806574
0.97293 0.573626
0.29017 0.219275
0.982147 0.72805
0.640034 0.696738
0.701254 0.375561
0.0160833 0.466384
0.523484 0.733268
0.626911 0.549272
0.78402 0.0264901
0.164861 0.21128
0.0455947 0.733573
0.289956 0.533525
0.443587 0.314615
0.912534 0.521958
0.667745 0.269631
0.932096 0.447371
0.83169 0.109439
0.121677 0.277535
0.847224 0.479659
0.99237 0.256996
0.463424 0.214789
0.142369 0.314341
0.375072 0.649831
0.189337 0.326548
0.743584 0.362377
0.0836818 0.262764
0.0089114 0.37788
0.255226 0.141942
0.247932 0.183355
0.744255 0.0231635
0.604511 0.283517
0.148686 0.247383
0.174139 0.0721152
0.490432 0.78222
0.798425 0.478805
0.418043 0.343852
0.764824 0.608905
0.00308237 0.639332
0.925108 0.367687
0.196051 0.734977
0.858608 0.942534
0.00451674 0.339488
0.288766 0.998047
0.741966 0.30958
0.916715 0.65273
0.26191 0.31135
0.247963 0.22602
0.648335 0.852016
0.483932 0.81988
0.71981 0.528794
0.463546 0.356487
0.052736 0.954039
0.780084 0.965209
0.693381 0.744041
0.73394 0.0947905
0.150884 0.456404
0.915342 0.482986
0.404218 0.766869
0.570879 0.310953
0.775872 0.870388
0.895505 0.837611
0.370281 0.137669
0.804407 0.81933
0.814203 0.239998
0.305185 0.444349
0.842189 0.697012
0.897885 0.256508
0.502762 0.219581
0.825159 0.511307
0.334971 0.0703452
0.878353 0.640584
0.10062 0.623066
0.721397 0.89758
0.63567 0.0807215
0.690298 0.0878933
0.425153 0.802881
0.70098 0.29725
0.502548 0.368755
0.218635 0.155919
0.490738 0.453749
0.0698874 0.457289
0.421674 0.675344
0.466292 0.606769
0.353771 0.762596
0.279092 0.917173
0.712149 0.337901
0.830592 0.368633
0.302866 0.303995
0.502426 0.858608
0.390515 0.314707
0.707511 0.256172
0.245033 0.0954619
0.319468 0.697928
0.0595416 0.994324
0.996796 0.999695
0.681845 0.542619
0.28547 0.875973
0.999084 0.910398
0.146886 0.0361034
0.475753 0.401654
0.358562 0.0019837
0.217566 0.0659505
0.575762 0.448408
0.744438 0.948057
0.209052 0.913541
0.131626 0.847072
0.0182196 0.601978
0.101413 0.992706
0.896725 0.309244
0.404706 0.88641
0.546953 0.0893277
0.736259 0.736045
0.19657 0.997314
0.865688 0.524674
0.650075 0.655934
0.998505 0.373669
0.909879 0.139286
0.421003 0.422742
0.0996124 0.106723
0.303568 0.488479
0.626331 0.809931
0.534104 0.525986
0.173254 0.856014
0.174474 0.788781
0.427168 0.724021
0.507401 0.11243
0.0106204 0.557909
0.491348 0.999756
0.595141 0.19602
0.127628 0.774895
0.992584 0.457411
0.996979 0.609577
0.311075 0.000244148
0.554521 0.762291
0.527848 0.802057
0.36784 0.517655
0.857021 0.0596332
0.186926 0.00424207
0.260994 0.494919
0.57857 0.536454
0.643391 0.470687
0.994659 0.870876
0.791986 0.199622
0.95172 0.611988
0.394635 0.993194
0.80166 0.592853
0.145451 0.886319
0.155431 0.739799
0.332774 0.985595
0.702628 0.00793481
0.600848 0.00234993
0.297067 0.379589
0.454787 0.8623
0.7687 0.237495
0.239967 0.731254
0.00375378 0.750633
0.599109 0.907743
0.615528 0.632832
0.822626 0.00994903
0.497147 0.701132
0.420301 0.213874
0.175329 0.549883
0.660176 0.584155
0.576037 0.867733
0.147313 0.165899
0.940153 0.910947
0.00930815 0.290719
0.760094 0.449232
0.268777 0.574023
0.483474 0.173772
0.642994 0.231117
0.778893 0.73983
0.00485244 0.105258
0.873257 0.567583
0.227302 0.769066
0.4579 0.259835
0.600238 0.747215
0.497543 0.507645
0.0484634 0.346141
0.941099 0.286508
0.641743 0.893094
0.438734 0.953887
0.249275 0.810114
0.454512 0.093173
0.762535 0.653676
0.134556 0.0753502
0.996796 0.953642
0.61446 0.0427564
0.0651875 0.139775
0.286416 0.731437
0.852016 0.331614
0.312876 0.60744
0.349895 0.373821
0.140721 0.974975
0.422285 0.0604572
0.94705 0.762596
0.244453 0.640492
0.532762 0.293008
0.0200201 0.908261
0.650594 0.514481
0.656301 0.00466933
0.367534 0.69454
0.426527 0.565081
0.551286 0.992981
0.766869 0.0644246
0.867397 0.00369274
0.236244 0.343181
0.76162 0.823389
0.215308 0.383679
0.955565 0.537248
0.47972 0.942503
0.54857 0.000793481
0.260201 0.407636
0.368236 0.19715
0.628681 0.160192
0.712058 0.581195
0.754143 0.189856
0.0451369 0.403058
0.866482 0.877468
0.440321 0.909299
0.953093 0.12067
0.000732444 0.178381
0.854335 0.246773
0.735099 0.85754
0.289682 0.17246
0.00555437 0.0584735
0.00427259 0.41792
0.404065 0.0148015
0.998535 0.808252
0.00589007 0.707877
0.264046 0.00216681
0.710379 0.186926
0.296945 0.0458693
0.861995 0.288919
0.638203 0.309488
0.449293 0.772607
0.217231 0.962859
0.996765 0.415418
0.331645 0.648823
0.679922 0.692801
0.353221 0.234443
0.889798 0.919645
0.317972 0.260201
0.659078 0.38844
0.0801111 0.782098
0.509781 0.911466
0.571245 0.821528
0.474899 0.736106
0.371014 0.0436415
0.555132 0.905087
0.781365 0.280465
0.0200812 0.00698874
0.399823 0.171209
0.43907 0.994415
0.880367 0.681112
0.999908 0.190374
0.120823 0.198157
0.366466 0.955535
0.244942 0.690939
0.0933561 0.419874
0.0940886 0.90698
0.751305 0.56328
0.4138 0.279427
0.0934172 0.674154
0.794702 0.694876
0.617359 0.588946
0.29133 0.65157
0.394269 0.392315
0.834925 0.652455
0.844783 0.609272
0.46556 0.0447401
0.680441 0.91113
0.20307 0.51796
0.73925 0.148076
0.0582293 0.52562
0.0746178 0.00518815
0.878964 0.449324
0.182195 0.59624
0.655507 0.431654
0.0556963 0.571245
0.772576 0.39906
0.048677 0.0439772
0.919218 0.996704
0.880215 0.98941
0.270608 0.263283
0.921506 0.952757
0.00204474 0.222785
0.661061 0.777947
0.722709 0.670492
0.817316 0.941099
0.92581 0.574633
0.784722 0.101688
0.815699 0.8605
0.119449 0.706656
0.098178 0.818628
0.525193 0.0456862
0.946165 0.837184
0.995025 0.0153508
0.439863 0.507859
0.598651 0.972228
0.96292 0.978851
0.714499 0.438765
0.486923 0.00173956
0.504135 0.262337
0.630726 0.941069
0.684927 0.218543
0.444044 0.466628
0.330332 0.1536
0.620533 0.11948
0.0525834 0.0876492
0.119083 0.00466933
0.502548 0.322214
0.0954314 0.0624104
0.643361 0.98825
0.958007 0.492538
0.079165 0.711814
0.113498 0.472091
0.891781 0.178472
0.228645 0.0291147
