0.00125126 0.563585
0.193304 0.80874
0.585009 0.479873
0.350291 0.895962
0.82284 0.746605
0.174108 0.858943
0.710501 0.513535
0.303995 0.0149846
0.0914029 0.364452
0.147313 0.165899
0.988525 0.445692
0.119083 0.00466933
0.0089114 0.37788
0.531663 0.571184
0.601764 0.607166
0.166234 0.663045
0.450789 0.352123
0.0570391 0.607685
0.783319 0.802606
0.519883 0.30195
0.875973 0.726676
0.955901 0.925718
0.539354 0.142338
0.462081 0.235328
0.862239 0.209601
0.779656 0.843654
0.996796 0.999695
0.611499 0.392438
0.266213 0.297281
0.840144 0.0237434
0.375866 0.0926237
0.677206 0.0562151
0.00878933 0.91879
0.275887 0.272896
0.587909 0.691183
0.837611 0.726493
0.484939 0.205359
0.743736 0.468459
0.457961 0.949156
0.744438 0.10828
0.599048 0.385235
0.735008 0.608966
0.572405 0.361339
0.151555 0.225105
0.425153 0.802881
0.517106 0.98999
0.751549 0.345561
0.168981 0.657308
0.491897 0.0635395
0.699759 0.504807
0.147496 0.949583
0.141575 0.905118
0.692892 0.303049
0.426557 0.0703757
0.966613 0.683187
0.153233 0.877255
0.82168 0.582049
0.191351 0.177892
0.817194 0.475265
0.155553 0.503922
0.732017 0.405591
0.27958 0.568743
0.682241 0.755852
0.721915 0.475295
0.12302 0.367809
0.834681 0.0350963
0.517014 0.662984
0.426221 0.104678
0.949339 0.921384
0.549547 0.345988
0.471725 0.374981
0.84698 0.316874
0.456099 0.271889
0.982971 0.2978
0.739189 0.567278
0.19599 0.761315
0.839442 0.397656
0.5009 0.890164
0.0274667 0.994629
0.572588 0.0505081
0.531327 0.194067
0.843043 0.626759
0.657613 0.197851
0.842158 0.123325
0.109928 0.743126
0.314066 0.941069
0.286081 0.336314
0.140263 0.733085
0.83462 0.707999
0.600238 0.747215
0.252724 0.144475
0.00161748 0.0610065
0.806238 0.852626
0.210578 0.115604
0.553209 0.0142521
0.113773 0.454512
0.75222 0.686148
0.543443 0.0738853
0.43672 0.201941
0.696219 0.290353
0.436689 0.232429
0.577868 0.532579
0.628681 0.160192
0.504135 0.963042
0.695761 0.924802
0.189947 0.335948
0.17835 0.995178
0.457442 0.998016
0.0975066 0.625172
0.0943938 0.437727
0.931516 0.0484329
0.89462 0.290017
0.227302 0.769066
0.410718 0.201972
0.628071 0.604144
0.451613 0.466353
0.597827 0.634724
0.854793 0.828791
0.624775 0.720908
0.565752 0.375134
0.184271 0.737907
0.555132 0.905087
0.242866 0.18894
0.604724 0.698508
0.584613 0.351299
0.494461 0.0803858
0.740745 0.612049
0.62038 0.691122
0.804529 0.149113
0.576037 0.867733
0.911557 0.614704
0.727683 0.0432142
0.667776 0.976531
0.315012 0.569201
0.305826 0.173925
0.108554 0.869045
0.851222 0.744316
0.154881 0.326914
0.0793481 0.0766015
0.64098 0.820002
0.545091 0.448256
0.408979 0.298746
0.46556 0.501206
0.152654 0.323038
0.737999 0.313883
0.826685 0.959075
0.873348 0.725028
0.300058 0.943999
0.127232 0.0657369
0.784967 0.524583
0.609638 0.956114
0.0722678 0.875637
0.653859 0.322123
0.104801 0.505051
0.227088 0.290292
0.91998 0.551164
0.662801 0.114536
0.492538 0.379131
0.496811 0.793359
0.509262 0.382366
0.688162 0.532151
0.606281 0.395184
0.00589007 0.707877
0.10062 0.623066
0.863247 0.491501
0.747337 0.496902
0.380108 0.785363
0.552812 0.357097
0.955718 0.630848
0.17658 0.374248
0.131626 0.743278
0.95172 0.611988
0.0278329 0.329844
0.0559099 0.63921
0.131626 0.847072
0.864315 0.596881
0.721641 0.853969
0.0146794 0.126469
0.707907 0.617145
0.217566 0.0659505
0.16892 0.624104
0.340983 0.319407
0.367565 0.661
0.802393 0.806879
0.526536 0.611103
0.798181 0.900601
0.14481 0.630177
0.402417 0.2537
0.13654 0.85519
0.0661641 0.427808
0.573351 0.302286
0.548051 0.225562
0.31135 0.11063
0.808039 0.134709
0.284249 0.78811
0.89523 0.789636
0.743797 0.615223
0.361126 0.856655
0.228492 0.863582
0.229438 0.24955
0.542405 0.984832
0.0538041 0.0814234
0.524674 0.426801
0.0946684 0.258797
0.891537 0.232765
0.14655 0.125095
0.931639 0.0801111
0.0470901 0.0587176
0.336406 0.914701
0.398602 0.432783
0.946165 0.837184
0.534227 0.842097
0.693533 0.397687
0.259163 0.00433363
0.52559 0.954802
0.398694 0.241096
0.585559 0.255135
0.684011 0.94528
0.435499 0.890225
0.00717185 0.940977
0.60155 0.786157
0.576678 0.14243
0.222327 0.383007
0.00427259 0.41792
0.0822474 0.659932
0.855098 0.0648518
0.81106 0.662069
0.691488 0.802698
0.530137 0.685629
0.142766 0.689505
0.727897 0.777734
0.0310678 0.868679
0.64452 0.706565
0.0854518 0.551988
0.947905 0.0587787
0.274972 0.145177
0.98178 0.619983
0.292245 0.922483
0.367534 0.69454
0.218635 0.155919
0.240547 0.521439
0.90228 0.106418
0.902646 0.441725
0.0801111 0.782098
0.171789 0.974395
0.775872 0.870388
0.210639 0.456618
0.00375378 0.750633
0.114048 0.404706
0.311136 0.992615
0.0385754 0.252083
0.189276 0.247688
0.153508 0.620319
0.885372 0.939085
0.195654 0.779656
0.645558 0.656758
0.909146 0.455458
0.921293 0.664174
0.150761 0.636341
0.569536 0.42204
0.943022 0.540574
0.57857 0.536454
0.255287 0.396954
0.350261 0.0366222
0.795251 0.196509
0.0702841 0.389416
0.590747 0.070925
0.197668 0.155889
0.644337 0.454329
0.604297 0.697348
0.441298 0.684469
0.396527 0.835719
0.592212 0.199591
0.949461 0.876003
0.391705 0.987457
0.185308 0.895718
0.57445 0.442061
0.627338 0.708518
0.0496231 0.285562
0.260201 0.407636
0.895321 0.710196
0.728446 0.896054
0.393567 0.397412
0.903867 0.308603
0.388104 0.570574
0.353557 0.733696
0.745354 0.736381
0.739433 0.139317
0.200171 0.272591
0.680441 0.91113
0.36784 0.517655
0.109378 0.907437
0.20307 0.51796
0.654836 0.43852
0.687643 0.0904263
0.0795618 0.0757775
0.0278024 0.355083
0.30723 0.697287
0.142674 0.394848
0.0678426 0.675741
0.724937 0.198706
0.694021 0.615711
0.654897 0.543992
0.0983001 0.545366
0.0496231 0.974578
0.464034 0.96997
0.727866 0.530961
0.679922 0.692801
0.372112 0.388623
0.0499588 0.809778
0.169561 0.0608234
0.310556 0.784478
0.21247 0.321909
0.484664 0.00915555
0.439863 0.507859
0.605945 0.758538
0.401074 0.349803
0.842647 0.94232
0.62331 0.997284
0.0534684 0.562853
0.863552 0.386761
0.306406 0.284219
0.0267037 0.612568
0.391186 0.0186163
0.0310373 0.455702
0.857936 0.936766
0.401898 0.727287
0.611591 0.808374
0.875423 0.582598
0.595019 0.0790124
0.793176 0.462203
0.590625 0.589435
0.569201 0.816065
0.67275 0.343577
0.0102237 0.267312
0.341563 0.232093
0.77102 0.371746
0.869869 0.116855
0.725578 0.628925
0.893948 0.18302
0.535569 0.902005
0.780084 0.965209
0.197363 0.901547
0.797418 0.953398
0.848811 0.890347
0.628712 0.185461
0.616932 0.264992
0.250649 0.7322
0.78811 0.170934
0.713889 0.480941
0.0814844 0.806543
0.855342 0.124638
0.307474 0.573321
0.472976 0.762047
0.19187 0.727775
0.995025 0.0153508
0.647633 0.691641
0.174139 0.0721152
0.274972 0.676626
0.838923 0.556658
0.371227 0.779504
0.232521 0.638234
0.231666 0.204596
0.971038 0.281747
0.0228889 0.769219
0.15183 0.046968
0.00924711 0.348582
0.64388 0.343242
0.414563 0.416517
0.0906705 0.545183
0.699271 0.337992
0.657521 0.876247
0.535478 0.570025
0.0539872 0.465773
0.259987 0.426801
0.863338 0.486587
0.0874355 0.565813
0.709403 0.778466
0.864223 0.850551
0.293008 0.864376
0.644917 0.746849
0.828639 0.765618
0.871914 0.908322
0.912534 0.521958
0.440168 0.107639
0.354015 0.823054
0.427717 0.169836
0.000854518 0.65746
0.773553 0.0637226
0.089816 0.385662
0.683889 0.807611
0.154088 0.142857
0.0484634 0.346141
0.0185553 0.978423
0.647633 0.0536515
0.914151 0.637471
0.431715 0.0210578
0.242592 0.391949
0.654012 0.781884
0.0228278 0.826044
0.138432 0.634266
0.550401 0.98349
0.463424 0.214789
0.300699 0.782159
0.34254 0.480605
0.60802 0.102512
0.984436 0.755821
0.150884 0.456404
0.711631 0.998749
0.775506 0.641652
0.621204 0.946104
0.688162 0.289804
0.567156 0.290384
0.548235 0.712363
0.246437 0.546678
0.49263 0.952055
0.66982 0.76516
0.623371 0.445753
0.798761 0.745537
0.988922 0.204627
0.629475 0.909818
0.591296 0.918393
0.505539 0.489395
0.449721 0.88934
0.940397 0.182928
0.251961 0.203009
0.730491 0.94113
0.62508 0.0413526
0.641346 0.0345164
0.556352 0.544481
0.446333 0.0613727
0.996033 0.12775
0.600909 0.0503555
0.172796 0.660237
0.332438 0.315958
0.653584 0.410535
0.427503 0.221625
0.678518 0.166448
0.497543 0.507645
0.802728 0.435072
0.00451674 0.339488
0.375896 0.128574
0.827326 0.733299
0.89114 0.64333
0.650594 0.514481
0.73397 0.737175
0.957091 0.465835
0.363262 0.112186
0.90466 0.821223
0.454787 0.108676
0.869442 0.761376
0.0391247 0.416669
0.936125 0.0677511
0.164861 0.21128
0.116916 0.591113
0.118351 0.618275
0.580096 0.690298
0.731559 0.915647
0.669729 0.298502
0.808863 0.378185
0.997497 0.772515
0.204413 0.170568
0.388256 0.181219
0.580981 0.195624
0.960143 0.190252
0.381726 0.303995
0.120823 0.198157
0.0462355 0.771172
0.76104 0.881039
0.00177007 0.448622
0.426374 0.801538
0.461348 0.494858
0.749382 0.238502
0.559404 0.0927458
0.922025 0.893826
0.857021 0.0596332
0.49089 0.632038
0.747215 0.756066
0.255745 0.909909
0.791986 0.199622
0.552843 0.0512406
0.522172 0.790368
0.704154 0.0240486
0.731742 0.553362
0.914212 0.875546
0.79693 0.305429
0.39494 0.481887
0.0525834 0.651967
0.000854518 0.768578
0.756188 0.219733
0.154759 0.0575274
0.670614 0.0326853
0.345866 0.697867
0.798151 0.436262
0.981719 0.635548
0.295297 0.476974
0.874355 0.0792871
0.100986 0.143223
0.14301 0.917997
0.308725 0.373821
0.813837 0.0466323
0.814203 0.239998
0.897885 0.256508
0.269356 0.208014
0.229377 0.846156
0.874844 0.887692
0.844783 0.609272
0.0408948 0.173528
0.183752 0.355907
0.449263 0.185064
0.894467 0.623035
0.546342 0.911679
0.522599 0.730644
0.999329 0.969329
0.867428 0.840205
0.146672 0.374401
0.284371 0.170965
0.973754 0.741813
0.716605 0.0308847
0.645039 0.812708
0.735923 0.818171
0.124638 0.718894
0.375072 0.649831
0.915433 0.889676
0.0321665 0.773492
0.448866 0.00756859
0.228614 0.41847
0.15659 0.919034
0.501694 0.242866
0.754479 0.906522
0.213477 0.0321055
0.771172 0.228248
0.556597 0.806391
0.852016 0.331614
0.538926 0.991791
0.86935 0.64687
0.227729 0.812799
0.371044 0.366894
0.0349742 0.561296
0.39787 0.119785
0.324931 0.899014
0.201483 0.940184
0.125065 0.84933
0.893948 0.44557
0.222114 0.634754
0.560076 0.624043
0.423658 0.01648
0.864132 0.139622
0.267403 0.291971
0.681661 0.561449
0.958831 0.607227
0.788232 0.422712
0.818384 0.739464
0.135777 0.516526
0.0200812 0.00698874
0.748314 0.333872
0.902127 0.462264
0.767907 0.0505081
0.63097 0.0241707
0.682424 0.969085
0.500443 0.706381
0.265938 0.822352
0.646626 0.597217
0.263619 0.844234
0.460067 0.748161
0.351604 0.0144963
0.476547 0.626484
0.403882 0.383618
0.0276193 0.288827
0.596851 0.883877
0.432173 0.931547
0.382977 0.533128
0.0100711 0.974242
0.8652 0.437422
0.699637 0.332957
0.602344 0.49855
0.559618 0.0390027
0.378216 0.233039
0.937346 0.859523
0.96411 0.608814
0.583972 0.0764489
0.407025 0.305307
0.498581 0.0800501
0.874783 0.30427
0.781518 0.93289
0.588427 0.216224
0.279305 0.560717
0.874416 0.250069
0.301401 0.727134
0.866604 0.231086
0.19071 0.446791
0.890347 0.574328
0.028779 0.995239
0.0592364 0.61919
0.256935 0.169836
0.116123 0.231483
0.494888 0.959807
0.0492874 0.0796228
0.337657 0.279733
0.515549 0.490555
0.412275 0.924711
0.601062 0.292154
0.475753 0.401654
0.951323 0.548357
0.834925 0.794427
0.80166 0.592853
0.870083 0.318064
0.939177 0.267922
0.943327 0.718772
0.127628 0.774895
0.472884 0.175909
0.0266732 0.0416272
0.454787 0.8623
0.136113 0.0144658
0.212775 0.818537
0.797204 0.779656
0.658498 0.298746
0.781426 0.921506
0.842128 0.242622
0.498764 0.023011
0.0757164 0.0308847
0.356212 0.715323
0.409803 0.180425
0.297922 0.182104
0.744896 0.134739
0.0582293 0.52562
0.358867 0.806726
0.158818 0.899869
0.131809 0.0292367
0.181433 0.818079
0.249214 0.570696
0.346904 0.539933
0.664907 0.870754
0.932524 0.94528
0.105197 0.153233
0.55797 0.800256
0.895138 0.072512
0.872311 0.822413
0.388287 0.548784
0.671957 0.450942
0.281381 0.949461
0.982147 0.72805
0.594806 0.272378
0.131962 0.197943
0.600513 0.48735
0.355327 0.229926
0.478439 0.691794
0.948149 0.671133
0.982574 0.237526
0.513565 0.235817
0.898038 0.484359
0.326456 0.537492
0.570788 0.336528
0.348155 0.169225
0.29017 0.219275
0.922819 0.739677
0.807001 0.650441
0.686697 0.270089
0.766869 0.0644246
0.721763 0.859066
0.341563 0.0443739
0.484298 0.0207831
0.838191 0.618519
0.540574 0.604053
0.568682 0.777367
0.640034 0.696738
0.759941 0.868007
0.157994 0.423505
0.786462 0.021424
0.438368 0.0421461
0.506302 0.269265
0.0682699 0.24485
0.982055 0.506455
0.615528 0.0710166
0.367504 0.955535
0.860073 0.337474
0.24189 0.289529
0.0509659 0.992706
0.17246 0.0689108
0.22013 0.300912
0.786859 0.649617
0.0836818 0.262764
0.136479 0.217536
0.562578 0.178259
0.632282 0.106906
0.453719 0.758843
0.333811 0.0574053
0.28251 0.694296
0.873257 0.567583
0.868496 0.0812098
0.795404 0.999664
0.634999 0.618854
0.594775 0.593127
0.19425 0.978881
0.231513 0.0422987
0.239051 0.255135
0.406812 0.794946
0.272469 0.900052
0.379437 0.727561
0.206488 0.0529496
0.604572 0.353984
0.361248 0.668111
0.976043 0.22364
0.895779 0.346965
0.95352 0.66512
0.201666 0.282357
0.355449 0.531999
0.290994 0.219977
0.0996124 0.106723
0.709342 0.843806
0.671865 0.819147
0.005768 0.491348
0.604633 0.935331
0.290628 0.605823
0.74691 0.873836
0.912229 0.830103
0.605914 0.30488
0.784234 0.150121
0.542619 0.689047
0.394635 0.993194
0.101932 0.411603
0.0274361 0.687429
0.258889 0.169012
0.228645 0.189001
0.862209 0.763298
0.0476089 0.48323
0.0561541 0.961241
0.084994 0.565477
0.962554 0.573901
0.878658 0.408704
0.40315 0.413495
0.658528 0.823359
0.945189 0.28312
0.00222785 0.61626
0.04944 0.656056
0.421949 0.954497
0.603961 0.200873
0.41438 0.340556
0.623127 0.808405
0.00485244 0.105258
0.394421 0.276864
0.316782 0.824244
0.853511 0.311533
0.197668 0.564684
0.469069 0.995117
0.433241 0.36848
0.418775 0.384869
0.580432 0.877743
0.337413 0.393384
0.951048 0.50914
0.418592 0.608295
0.776757 0.0836512
0.151189 0.207923
0.087344 0.31727
0.471816 0.629139
0.332774 0.0793176
0.614521 0.142827
0.280709 0.824976
0.43907 0.994415
0.220954 0.107334
0.518998 0.264595
0.00735496 0.57625
0.770562 0.107517
0.969207 0.369427
0.903989 0.521714
0.222663 0.302622
0.478469 0.310617
0.414411 0.764733
0.841609 0.389111
0.427473 0.724174
0.734916 0.0914029
0.0817286 0.753075
0.84698 0.637806
0.35963 0.475021
0.0943938 0.415296
0.18836 0.34312
0.913388 0.229316
0.310312 0.154271
0.341533 0.182287
0.272286 0.205939
0.17246 0.335276
0.0654317 0.501907
0.963683 0.809259
0.446455 0.912992
0.179266 0.481918
0.472091 0.69924
0.248604 0.936705
0.277444 0.299539
0.822443 0.819636
0.629902 0.795068
0.00720237 0.260964
0.289529 0.952971
0.859462 0.517441
0.707511 0.256172
0.921049 0.491256
0.0935392 0.825983
0.076693 0.282632
0.383862 0.643269
0.515091 0.431532
0.140721 0.974975
0.0746178 0.00518815
0.914792 0.411664
0.755333 0.187658
0.101718 0.423139
0.677938 0.527421
0.824213 0.837184
0.271493 0.499496
0.870449 0.148991
0.970794 0.538377
0.220679 0.066744
0.204627 0.197729
0.192907 0.19953
0.956786 0.593493
0.738792 0.294382
0.67983 0.786126
0.921323 0.928434
0.844325 0.25898
0.105441 0.0618915
0.903775 0.14832
0.892758 0.359416
0.956694 0.381573
0.331462 0.684561
0.887539 0.380108
0.433271 0.674642
0.267098 0.482833
0.527848 0.802057
0.794122 0.74633
0.486679 0.827784
0.559038 0.278787
0.347179 0.0541398
0.911252 0.762902
0.36848 0.282388
0.211249 0.324564
0.0501419 0.881619
0.248817 0.403821
0.144871 0.875271
0.608112 0.783654
0.196844 0.451704
0.761773 0.433332
0.636464 0.804559
0.174444 0.322672
0.963195 0.709403
0.197546 0.86288
0.0473037 0.743217
0.0360424 0.130833
0.0823695 0.55269
0.568957 0.533006
0.218879 0.0771813
0.304605 0.0644551
0.411267 0.133702
0.251686 0.820643
0.508774 0.268715
0.987945 0.916532
0.121738 0.284433
0.706961 0.470931
0.294748 0.344646
0.525101 0.811121
0.517228 0.0673238
0.829218 0.554399
0.103641 0.509568
0.946684 0.723106
0.473922 0.451308
0.918882 0.548845
0.365276 0.884365
0.659719 0.122532
0.507401 0.11243
0.279794 0.546464
0.791284 0.369182
0.858119 0.744346
0.463851 0.359661
0.442091 0.585925
0.37904 0.632038
0.557604 0.482589
0.836665 0.185705
0.00970489 0.109256
0.0406201 0.221778
0.255959 0.410291
0.707602 0.442732
0.133061 0.544053
0.856777 0.806635
0.218268 0.923826
0.313364 0.143223
0.606861 0.0102847
0.955565 0.537248
0.386883 0.0123905
0.237068 0.885708
0.592456 0.152593
0.016541 0.535203
0.916715 0.65273
0.224464 0.40556
0.965819 0.0970794
0.399579 0.506119
0.335307 0.32841
0.625416 0.250771
0.289956 0.533525
0.898679 0.478072
0.328166 0.674581
0.460341 0.582751
0.412763 0.9223
0.120975 0.664724
0.148686 0.247383
0.111576 0.102023
0.689505 0.826441
0.490738 0.453749
0.653432 0.4185
0.639912 0.0992157
0.830592 0.368633
0.877957 0.520035
0.962279 0.394696
0.7257 0.630604
0.374126 0.81341
0.852565 0.0639363
0.743584 0.362377
0.235603 0.818964
0.783715 0.273934
0.563219 0.174718
0.124241 0.757103
0.4138 0.279427
0.170965 0.544206
0.241249 0.318613
0.225074 0.65804
0.698416 0.670247
0.64333 0.056032
0.329508 0.952239
0.320688 0.307627
0.162969 0.368542
0.276437 0.961119
0.236213 0.260811
0.624836 0.756035
0.582812 0.271004
0.712149 0.337901
0.714133 0.0215766
0.700552 0.630696
0.126377 0.719871
0.380902 0.523942
0.864132 0.591937
0.495163 0.0307932
0.671773 0.553484
0.34959 0.572588
0.764275 0.0226447
0.000640889 0.546953
0.74807 0.282235
0.794031 0.835231
0.723808 0.296457
0.538652 0.405591
0.101779 0.389386
0.0967132 0.668203
0.16184 0.690939
0.670766 0.738517
0.888241 0.756584
0.569506 0.264931
0.111454 0.267129
0.733451 0.977477
0.487899 0.214911
0.801202 0.612903
0.348521 0.48262
0.998505 0.373669
0.947996 0.220618
0.630268 0.575701
0.145543 0.929899
0.45793 0.642323
0.0486465 0.655751
0.742393 0.0999786
0.650746 0.199591
0.234352 0.732139
0.994537 0.754112
0.893307 0.547655
0.891781 0.868862
0.615955 0.719901
0.731071 0.151921
0.756218 0.152776
0.404736 0.61449
0.716788 0.829981
0.886044 0.0637226
0.394757 0.603626
0.488083 0.451369
0.761803 0.578784
0.335734 0.583056
0.360332 0.749748
0.0814539 0.095645
0.99707 0.0444655
0.39668 0.108188
0.41496 0.433912
0.269723 0.453017
0.224982 0.26133
0.641743 0.893094
0.878964 0.449324
0.411695 0.232063
0.964415 0.739372
0.341716 0.723045
0.603381 0.621448
0.894223 0.682485
0.235633 0.108798
0.531663 0.715506
0.567949 0.0151067
0.51091 0.458449
0.970855 0.889645
0.702384 0.245827
0.103549 0.266671
0.466292 0.606769
0.0490738 0.386181
0.116642 0.998169
0.739921 0.0408338
0.00439467 0.680258
0.95642 0.706626
0.750877 0.141087
0.678274 0.612751
0.662984 0.976012
0.0711081 0.907407
0.861324 0.628498
0.889004 0.575152
0.152196 0.898618
0.573901 0.262947
0.175481 0.625294
0.834315 0.670278
0.858638 0.448531
0.982971 0.660115
0.708762 0.0582293
0.815973 0.74691
0.974151 0.835353
0.314127 0.117649
0.205512 0.291787
0.947783 0.842494
0.249763 0.215918
0.866176 0.430891
0.205725 0.928739
0.753319 0.389996
0.374737 0.55797
0.630726 0.941069
0.736259 0.736045
0.388714 0.550188
0.980224 0.627979
0.327677 0.430036
0.627338 0.695669
0.490127 0.668386
0.268349 0.10474
0.0651875 0.139775
0.453963 0.180273
0.646504 0.856777
0.266091 0.817591
0.624897 0.916807
0.102268 0.254189
0.497147 0.701132
0.704123 0.109592
0.37199 0.481796
0.961028 0.0988495
0.454512 0.093173
0.520737 0.325968
0.790521 0.824152
0.737815 0.563952
0.0517289 0.187353
0.990875 0.427198
0.643422 0.721427
0.900754 0.842952
0.915342 0.482986
0.479812 0.7275
0.757714 0.383953
0.744621 0.273995
0.362896 0.0312204
0.82226 0.757897
0.434675 0.224281
0.082461 0.265725
0.62569 0.767266
0.326151 0.254707
0.48497 0.751885
0.561937 0.347911
0.69631 0.967132
0.401685 0.272683
0.888882 0.592364
0.606616 0.347362
0.801416 0.829768
0.814997 0.423414
0.0812708 0.632405
0.982543 0.688681
0.499283 0.184271
0.567278 0.23838
0.861995 0.288919
0.989563 0.819941
0.402509 0.321726
0.398663 0.657582
0.930876 0.903867
0.277688 0.763665
0.525712 0.952269
0.91702 0.642445
0.0479141 0.263558
0.288644 0.792474
0.258065 0.287027
0.351909 0.914396
0.818476 0.243385
0.322153 0.229835
0.96118 0.245491
0.933592 0.817988
0.103397 0.577258
0.227363 0.375958
0.191412 0.787103
0.896725 0.309244
0.0541704 0.752037
0.719291 0.558489
0.547929 0.368603
0.109409 0.0688803
0.773125 0.027253
0.320139 0.308329
0.144963 0.525925
0.327219 0.740715
0.598498 0.579547
0.925871 0.660451
0.709799 0.581286
0.0717795 0.294748
0.0146184 0.772179
0.997436 0.579547
0.305246 0.475112
0.134953 0.51561
0.187231 0.549577
0.377239 0.510941
0.677328 0.723258
0.707663 0.615802
0.123356 0.956969
0.730644 0.0563677
0.227943 0.498825
0.133671 0.973937
0.456679 0.784631
0.612232 0.774712
0.612598 0.839381
0.288766 0.998047
0.857631 0.337809
0.157292 0.1077
0.96292 0.978851
0.584399 0.113834
0.0684835 0.330943
0.398236 0.43086
0.734428 0.804559
0.596698 0.878109
0.563677 0.907346
0.205908 0.229225
0.179113 0.439406
0.320383 0.216773
0.834742 0.783685
0.856136 0.398053
0.44319 0.948759
0.0477004 0.788415
0.300607 0.519486
0.220954 0.668691
0.289682 0.17246
0.872219 0.472335
0.842799 0.911771
0.585284 0.159307
0.446028 0.682028
0.817835 0.982055
0.965453 0.51445
0.0879849 0.0507218
0.576861 0.862514
0.592669 0.603351
0.580523 0.282998
0.788629 0.387158
0.881619 0.119541
0.967956 0.057741
0.418043 0.343852
0.358562 0.0019837
0.317057 0.211554
0.781854 0.490768
0.0611286 0.889004
0.397595 0.56859
0.445235 0.706565
0.56856 0.585101
0.60622 0.195532
0.375225 0.776025
0.90582 0.564287
0.812098 0.798883
0.948241 0.770165
0.197119 0.629994
0.513932 0.843318
0.825129 0.729179
0.690634 0.618732
0.396527 0.878384
0.982788 0.532884
0.252998 0.600055
0.680776 0.640797
0.950682 0.562243
0.27131 0.510178
0.202643 0.875973
0.169866 0.149022
0.722098 0.691519
0.55681 0.62215
0.99646 0.999939
0.598193 0.513932
0.525193 0.0456862
0.832636 0.892666
0.551103 0.256996
0.00534074 0.933287
0.817499 0.099826
0.130833 0.854488
0.381603 0.762322
0.0652486 0.326548
0.0161748 0.0751061
0.369823 0.00625629
0.23011 0.574602
0.746452 0.354686
0.439406 0.11475
0.826991 0.394757
0.319865 0.934294
0.597156 0.564379
0.872707 0.584765
0.236396 0.321604
0.234077 0.626789
0.655416 0.657826
0.76043 0.499619
0.51149 0.175542
0.419874 0.470992
0.984375 0.88702
0.0221564 0.0732749
0.0925932 0.389386
0.317179 0.932279
0.832331 0.573504
0.494186 0.394696
0.919736 0.521958
0.112613 0.860958
0.41792 0.752831
0.995727 0.228828
0.0301828 0.465346
0.118381 0.355449
0.340251 0.943968
0.0204169 0.942259
0.781213 0.776666
0.776269 0.750725
0.614124 0.0440382
0.0528275 0.554033
0.697684 0.135319
0.286416 0.731437
0.330088 0.347697
0.509781 0.911466
0.944639 0.924955
0.861324 0.570208
0.939726 0.691763
0.30665 0.990905
0.425123 0.940306
0.604694 0.491043
0.165624 0.724601
0.0489517 0.323466
0.502762 0.219581
0.0154424 0.157414
0.53679 0.300851
0.848689 0.545946
0.349345 0.00122074
0.11652 0.285775
0.54857 0.000793481
0.765679 0.0763878
0.91757 0.806055
0.208747 0.383618
0.44789 0.775018
0.874081 0.915128
0.538682 0.644215
0.249855 0.612903
0.643483 0.713828
0.953703 0.570269
0.145116 0.347331
0.858425 0.778283
0.740898 0.941862
0.806421 0.108798
0.118168 0.0253914
0.942564 0.440321
0.202826 0.637501
0.197699 0.332133
0.760674 0.648976
0.954009 0.153966
0.634114 0.177648
0.422834 0.0769066
0.394513 0.756035
0.767052 0.83166
0.692007 0.406995
0.498489 0.640919
0.0835292 0.284127
0.182318 0.231635
0.621235 0.0326853
0.979034 0.33372
0.981017 0.527421
0.0556963 0.571245
0.414228 0.143803
0.39787 0.152532
0.302286 0.218574
0.0524003 0.265267
0.596301 0.855953
0.334056 0.582995
0.922605 0.735954
0.025605 0.789148
0.63567 0.0807215
0.10358 0.524888
0.599536 0.43556
0.0206 0.667196
0.97879 0.420331
0.0756859 0.342967
0.820856 0.108097
0.903592 0.586047
0.710379 0.186926
0.61446 0.0427564
0.277047 0.560991
0.615528 0.632832
0.838588 0.547472
0.6451 0.571337
0.959075 0.325419
0.0511795 0.658437
0.205206 0.792901
0.845363 0.242958
0.880825 0.488357
0.563005 0.765862
0.0208747 0.732933
0.461959 0.290139
0.427045 0.649556
0.0898465 0.92346
0.0250557 0.2154
0.752068 0.539201
0.325846 0.0036317
0.911191 0.703177
0.27134 0.77102
0.0495315 0.211035
0.246345 0.547166
0.0256661 0.143895
0.537584 0.38258
0.456465 0.847163
0.021363 0.410535
0.155431 0.739799
0.361003 0.379894
0.15952 0.360057
0.495132 0.315073
0.374584 0.553392
0.698416 0.458937
0.37141 0.209418
0.995788 0.155156
0.363445 0.454054
0.21128 0.826594
0.897244 0.702658
0.433149 0.70513
0.28724 0.481124
0.176 0.470199
0.325846 0.420667
0.021485 0.451369
0.300119 0.332377
0.018952 0.551927
0.8464 0.768761
0.626911 0.549272
0.674032 0.977142
0.47673 0.928495
0.689627 0.652364
0.740196 0.905454
0.552629 0.394513
0.381268 0.795556
0.194281 0.277779
0.0744041 0.384533
0.33018 0.436964
0.0698874 0.457289
0.498642 0.0780053
0.787622 0.141362
0.655477 0.818323
0.420759 0.220923
0.856777 0.763573
0.330424 0.0779443
0.0606708 0.227088
0.51265 0.416333
0.579913 0.498093
0.918729 0.425611
0.215339 0.564867
0.910459 0.540422
0.603076 0.199377
0.631306 0.451796
0.805231 0.309519
0.57503 0.526749
0.676321 0.964995
0.132542 0.292306
0.0362255 0.00344859
0.398663 0.14011
0.181097 0.623035
0.0200201 0.908261
0.763329 0.867061
0.364971 0.495956
0.571856 0.408032
0.797266 0.168065
0.244362 0.536637
0.334208 0.705008
0.442183 0.761681
0.471236 0.0546281
0.519211 0.928129
0.453352 0.64272
0.216468 0.258553
0.775231 0.997223
0.413312 0.225013
0.191229 0.843867
0.46617 0.657002
0.0162358 0.32841
0.166906 0.991943
0.99884 0.52208
0.851222 0.0748009
0.547899 0.866482
0.688803 0.41258
0.594256 0.714347
0.686483 0.290078
0.867946 0.622059
0.435255 0.653371
0.873043 0.550493
0.133061 0.166967
0.340922 0.630329
0.913938 0.35139
0.44322 0.647877
0.0149236 0.206488
0.545885 0.908109
0.812769 0.227973
0.785516 0.630696
0.260079 0.222266
0.249031 0.535691
0.75396 0.826777
0.0384228 0.774743
0.96704 0.14127
0.00128178 0.864193
0.672781 0.377087
0.408582 0.776757
0.0962554 0.929777
0.361126 0.847194
0.821528 0.78222
0.205634 0.649037
0.786645 0.64388
0.742027 0.498062
0.398358 0.732658
0.502609 0.739036
0.296701 0.605548
0.88525 0.471908
0.801416 0.944456
0.420942 0.873745
0.571215 0.703238
0.957549 0.772546
0.507401 0.522385
0.0407117 0.629292
0.432478 0.817652
0.273568 0.584552
0.575762 0.448408
0.93582 0.725578
0.396741 0.372692
0.643941 0.230445
0.77749 0.194678
0.333964 0.545579
0.115635 0.0110172
0.347453 0.252449
0.348949 0.462172
0.902158 0.780145
0.44264 0.395093
0.729026 0.61977
0.371014 0.0436415
0.156346 0.197272
0.124332 0.132633
0.422285 0.0604572
0.772668 0.812128
0.497208 0.536851
0.116947 0.827754
0.19718 0.51854
0.960143 0.834071
0.869716 0.530076
0.527696 0.256355
0.432722 0.736015
0.0707114 0.607746
0.048677 0.0439772
0.181158 0.667348
0.214484 0.959899
0.851741 0.426435
0.548753 0.351054
0.810846 0.208014
0.0574664 0.774163
0.164342 0.866787
0.159612 0.523606
0.875301 0.475082
0.253609 0.0569475
0.112522 0.401959
0.106113 0.953551
0.999908 0.190374
0.844478 0.0624714
0.796991 0.140141
0.833491 0.996643
0.0428785 0.00161748
0.218848 0.628071
0.693991 0.687582
0.417341 0.74221
0.787072 0.408246
0.335643 0.50618
0.659322 0.136998
0.599109 0.907743
0.255989 0.812098
0.571245 0.821528
0.557237 0.180883
0.445845 0.85815
0.655507 0.693258
0.192267 0.652974
0.514328 0.349681
0.635701 0.750542
0.940153 0.910947
0.453322 0.740745
0.798364 0.375195
0.36787 0.803644
0.0044557 0.129063
0.319559 0.318247
0.322245 0.678762
0.897885 0.692404
0.499466 0.367229
0.814386 0.069277
0.773003 0.984558
0.697653 0.0673849
0.274117 0.676351
0.992035 0.209906
0.365581 0.0578936
0.240699 0.19953
0.441572 0.939451
0.535295 0.695669
0.221747 0.568651
0.412275 0.749443
0.0707114 0.797571
0.97821 0.553453
0.374096 0.0791345
0.544542 0.662038
0.502518 0.70043
0.553606 0.338572
0.394818 0.157903
0.0766625 0.186071
0.291482 0.0822474
0.665822 0.716941
0.6498 0.617603
0.840175 0.0187078
0.771996 0.662557
0.988464 0.171758
0.177282 0.878506
0.96878 0.574969
0.249702 0.871883
0.186773 0.835994
0.192022 0.456618
0.43379 0.382305
0.81811 0.402661
0.265664 0.449019
0.213965 0.577197
0.20426 0.600116
0.799676 0.884884
0.54207 0.438887
0.822352 0.912778
0.0319834 0.664327
0.812525 0.687002
0.242744 0.129246
0.0343944 0.446577
0.861843 0.0568255
0.461654 0.841609
0.726859 0.0714133
0.309519 0.460829
0.866726 0.20014
0.655416 0.0962554
0.33372 0.501419
0.177953 0.649892
0.107944 0.476791
0.546953 0.0893277
0.855403 0.921995
0.494736 0.358715
0.820338 0.373943
0.100497 0.650685
0.634327 0.809595
0.318705 0.946074
0.322123 0.752922
0.282907 0.227424
0.286111 0.446516
0.416272 0.272652
0.550554 0.243721
0.879971 0.434828
0.046968 0.877865
0.390515 0.314707
0.221625 0.76455
0.937864 0.732047
0.746605 0.993591
0.434828 0.902005
0.615558 0.166326
0.829554 0.222816
0.405683 0.735466
0.712058 0.581195
0.986694 0.00228889
0.946196 0.581378
0.458571 0.429273
0.358226 0.604297
0.598865 0.422468
0.0134587 0.103153
0.601062 0.241646
0.111667 0.0415967
0.385388 0.193152
0.0332041 0.880581
0.262856 0.762322
0.566698 0.0203253
0.234352 0.841609
0.849544 0.103824
0.705435 0.710837
0.0525834 0.0876492
0.898709 0.925413
0.340373 0.486709
0.744499 0.768975
0.137577 0.699118
0.531358 0.427045
0.233924 0.817316
0.0977203 0.537431
0.757714 0.831813
0.845515 0.273598
0.550035 0.633839
0.357524 0.618091
0.970641 0.7228
0.899625 0.981017
0.666524 0.0254219
0.588549 0.820948
0.334727 0.732261
0.507614 0.42375
0.0106204 0.557909
0.55031 0.496109
0.912809 0.331797
0.274117 0.729423
0.375561 0.324564
0.545061 0.990966
0.90112 0.217811
0.254616 0.298105
0.861629 0.121921
0.890255 0.232032
0.883267 0.549669
0.240455 0.947111
0.442885 0.750542
0.0161748 0.432173
0.709067 0.313059
0.669149 0.180242
0.158422 0.440779
0.188849 0.922483
0.998535 0.808252
0.159429 0.58269
0.928831 0.403577
0.857387 0.109317
0.270608 0.263283
0.67156 0.340159
0.997528 0.506272
0.62685 0.556566
0.697348 0.572497
0.292306 0.883694
0.997253 0.073336
0.8558 0.192267
0.482528 0.159459
0.645253 0.659047
0.641377 0.81225
0.879055 0.641072
0.865749 0.965636
0.925779 0.0213019
0.040437 0.864071
0.85522 0.680929
0.751305 0.56328
0.561418 0.254494
0.643513 0.979461
0.239448 0.825312
0.962004 0.394024
0.496841 0.715812
0.804407 0.81933
0.881069 0.0302133
0.118198 0.132054
0.10416 0.105411
0.973418 0.380627
0.746178 0.52617
0.141636 0.172308
0.717948 0.861019
0.513443 0.547166
0.265358 0.775262
0.38435 0.243934
0.795526 0.677114
0.141606 0.765374
0.306436 0.553148
0.382519 0.14832
0.701926 0.149754
0.995544 0.845119
0.771905 0.156163
0.235511 0.622669
0.120334 0.546068
0.324686 0.885372
0.821711 0.733299
0.609699 0.328013
0.0869778 0.69863
0.807031 0.325144
0.720939 0.743217
0.367321 0.962767
0.651448 0.0252083
0.490158 0.119144
0.312449 0.536241
0.820521 0.500656
0.161718 0.673116
0.357921 0.038667
0.114475 0.0616169
0.610096 0.554399
0.174474 0.788781
0.521653 0.0972625
0.0433668 0.69924
0.209571 0.863643
0.990143 0.912412
0.0366527 0.101566
0.761193 0.216803
0.0539567 0.908475
0.813044 0.49733
0.343699 0.327158
0.648335 0.852016
0.293741 0.647572
0.536637 0.554643
0.335215 0.319193
0.401288 0.519242
0.173803 0.381573
0.153569 0.422712
0.0469069 0.818323
0.255226 0.141942
0.0372021 0.741295
0.790948 0.661733
0.97409 0.811304
0.83169 0.109439
0.954283 0.80105
0.370403 0.0731529
0.0129398 0.707053
0.611194 0.859035
0.976379 0.316843
0.893307 0.844417
0.027253 0.637135
0.0309458 0.583026
0.014771 0.089816
0.35081 0.818232
0.0394604 0.881741
0.207465 0.0607318
0.344829 0.454421
0.259194 0.887295
0.0472732 0.420362
0.284249 0.61565
0.73455 0.89169
0.81988 0.513718
0.465041 0.607654
0.404431 0.197241
0.198614 0.76751
0.704611 0.373699
0.190161 0.974151
0.30842 0.588122
0.377453 0.195959
0.465651 0.126865
0.294412 0.152043
0.556597 0.736167
0.54088 0.0276498
0.570879 0.310953
0.340465 0.926084
0.376934 0.21128
0.217231 0.962859
0.0639973 0.361217
0.323222 0.409131
0.137638 0.787774
0.447127 0.789819
0.849757 0.75512
0.236244 0.343181
0.444899 0.151036
0.662404 0.748131
0.603809 0.281594
0.263192 0.52504
0.865383 0.729911
0.190039 0.0169378
0.308298 0.435987
0.594134 0.357006
0.274026 0.653432
0.381146 0.328318
0.411695 0.939207
0.867031 0.522843
0.826716 0.833033
0.364696 0.705344
0.614093 0.382366
0.234138 0.788476
0.557787 0.169469
0.426527 0.325632
0.277261 0.99649
0.0534379 0.927671
0.602771 0.885067
0.0132756 0.509445
0.459975 0.54677
0.204962 0.772973
0.0461135 0.980407
0.361278 0.833033
0.57799 0.352306
0.0322275 0.39143
0.39375 0.816614
0.750389 0.366863
0.689291 0.430555
0.90875 0.385388
0.670766 0.822382
0.382977 0.0390637
0.404218 0.766869
0.429151 0.318186
0.144017 0.325846
0.887814 0.123508
0.420698 0.708975
0.22602 0.265023
0.670003 0.511765
0.448897 0.853175
0.684255 0.486618
0.410932 0.488784
0.667135 0.503464
0.559557 0.158391
0.173254 0.856014
0.641041 0.240669
0.713767 0.569933
0.401105 0.53032
0.309153 0.869381
0.810419 0.686117
0.770684 0.457778
0.847011 0.00881985
0.991485 0.769524
0.366466 0.955535
0.0286874 0.848384
0.091464 0.296243
0.258003 0.00927763
0.251381 0.319987
0.381451 0.939726
0.903745 0.99527
0.570147 0.396222
0.46849 0.492233
0.522996 0.1536
0.506607 0.972442
0.72277 0.361858
0.27369 0.0521867
0.670431 0.967681
0.0805994 0.846339
0.379559 0.356578
0.991821 0.997986
0.911557 0.872311
0.89285 0.600971
0.233161 0.368877
0.458144 0.421461
0.177618 0.452742
0.0507523 0.323954
0.790338 0.569994
0.0846583 0.309275
0.840877 0.596118
0.881314 0.0697653
0.782006 0.0834376
0.551622 0.468429
0.937284 0.823511
0.934599 0.84817
0.198492 0.879604
0.123753 0.577197
0.0140996 0.746879
0.612934 0.737327
0.949797 0.795099
0.591968 0.36079
0.602741 0.651173
0.424726 0.122257
0.150487 0.677419
0.839412 0.892239
0.31608 0.201392
0.863369 0.0579241
0.0300607 0.65453
0.0330821 0.018067
0.571459 0.274545
0.91113 0.757714
0.468093 0.529252
0.440321 0.909299
0.9382 0.916684
0.168035 0.206519
0.15421 0.298868
0.86993 0.7369
0.110141 0.42494
0.605914 0.899228
0.373516 0.799768
0.738823 0.472793
0.503525 0.554674
0.947172 0.703787
0.416486 0.476638
0.763359 0.815668
0.479507 0.851344
0.66863 0.849666
0.614338 0.277413
0.275704 0.241554
0.191839 0.107517
0.630696 0.0410169
0.999054 0.672536
0.165288 0.179846
0.0594806 0.945189
0.330943 0.69512
0.588549 0.799585
0.445265 0.313883
0.864437 0.522416
0.783349 0.305368
0.296915 0.732688
0.44377 0.00686666
0.474136 0.365612
0.0218513 0.929899
0.469497 0.877316
0.62038 0.852565
0.189337 0.326548
0.229591 0.80459
0.0430616 0.489517
0.00762963 0.351085
0.716666 0.664266
0.492599 0.0814844
0.330973 0.320627
0.277352 0.709738
0.766228 0.252266
0.178747 0.692099
0.433332 0.386792
0.431989 0.768792
0.274361 0.910428
0.94174 0.335582
0.272134 0.863369
0.121067 0.0520951
0.251289 0.862026
0.349803 0.59212
0.251442 0.104556
0.582751 0.943205
0.253731 0.315867
0.139958 0.161107
0.542497 0.788049
0.209937 0.985778
0.482559 0.173223
0.0965606 0.224525
0.993988 0.184271
0.741966 0.30958
0.505417 0.860012
0.555437 0.935179
0.667013 0.551195
0.0807825 0.181249
0.604511 0.283517
0.532609 0.0298776
0.995453 0.653676
0.732658 0.680074
0.749138 0.914853
0.478378 0.568041
0.570971 0.408063
0.874111 0.498642
0.193365 0.995544
0.656178 0.794519
0.55327 0.651814
0.0438246 0.868831
0.698782 0.8699
0.146428 0.128239
0.70513 0.0377819
0.458754 0.612354
0.38197 0.441939
0.475448 0.275369
0.0527055 0.0540483
0.955626 0.316843
0.187384 0.757347
0.869411 0.467513
0.170568 0.168249
0.557237 0.636341
0.984863 0.710562
0.133183 0.825159
0.0919218 0.0971709
0.664052 0.717215
0.292184 0.876888
0.154393 0.84579
0.843806 0.20127
0.870449 0.748955
0.623066 0.469283
0.0321055 0.017243
0.607044 0.00421155
0.406201 0.639882
0.459456 0.420759
0.830836 0.556108
0.501694 0.837458
0.202887 0.818018
0.849452 0.591083
0.959532 0.27076
0.996979 0.609577
0.585223 0.156774
0.629688 0.0989105
0.175329 0.549883
0.946532 0.701132
0.587542 0.0258187
0.273324 0.778954
0.212592 0.475509
0.248543 0.983917
0.89523 0.466811
0.362438 0.763787
0.0367748 0.0615864
0.130955 0.965636
0.410932 0.494125
0.685781 0.191015
0.723289 0.616993
0.0615253 0.0592975
0.446303 0.520768
0.961486 0.0353099
0.961394 0.233955
0.283059 0.977996
0.538102 0.909116
0.184515 0.0654622
0.183203 0.401379
0.973571 0.254097
0.889706 0.646504
0.599658 0.926237
0.317545 0.743004
0.0312815 0.884121
0.437513 0.146336
0.298868 0.345561
0.168828 0.880642
0.485122 0.0979644
0.542497 0.173711
0.444044 0.466628
0.421003 0.422742
0.529496 0.253761
0.306284 0.896054
0.11475 0.304697
0.266396 0.0773339
0.184637 0.857021
0.512894 0.0590838
0.780786 0.329295
0.659719 0.890591
0.581866 0.705466
0.194952 0.287637
0.399823 0.171209
0.196844 0.609821
0.87347 0.158483
0.825159 0.511307
0.140172 0.454573
0.618915 0.172063
0.768059 0.531632
0.132603 0.515244
0.728324 0.753685
0.940977 0.317087
0.690695 0.616138
0.54442 0.615955
0.421674 0.675344
0.206091 0.325907
0.568041 0.323496
0.251839 0.462203
0.606128 0.0656453
0.864223 0.883908
0.238441 0.454939
0.901944 0.960601
0.0188299 0.342143
0.776055 0.0690939
0.487259 0.596057
0.913785 0.326487
0.595782 0.950804
0.841914 0.465621
0.706748 0.136235
0.419996 0.259713
0.944426 0.948057
0.255745 0.401776
0.181463 0.413221
0.833064 0.24543
0.44142 0.707846
0.384045 0.313425
0.998413 0.982696
0.0368053 0.979827
0.95529 0.753685
0.26957 0.232276
0.581896 0.0126652
0.202795 0.920896
0.193915 0.715598
0.760491 0.399152
0.854152 0.803278
0.231697 0.964293
0.677419 0.412275
0.264046 0.00216681
0.0200812 0.430982
0.819697 0.244057
0.335673 0.0579547
0.125736 0.0402844
0.977691 0.518326
0.149907 0.0584429
0.73101 0.594653
0.632984 0.311258
0.353008 0.128422
0.208869 0.920713
0.90582 0.1489
0.644185 0.525132
0.160497 0.784509
0.727836 0.734733
0.855312 0.614154
0.842524 0.542436
0.0880154 0.614277
0.749107 0.0959807
0.62505 0.357494
0.614917 0.737571
0.407056 0.619739
0.817682 0.717307
0.033723 0.0517899
0.555956 0.486923
0.507859 0.0715049
0.79754 0.979553
0.0207221 0.632832
0.596789 0.782281
0.0596332 0.0283822
0.312876 0.60744
0.618885 0.381115
0.758995 0.969085
0.795679 0.981964
0.814875 0.470443
0.551958 0.129124
0.533464 0.609607
0.92349 0.626057
0.272774 0.508347
0.457472 0.593219
0.884457 0.471419
0.159978 0.751305
0.490432 0.78222
0.734306 0.830683
0.878353 0.640584
0.391644 0.264657
0.0477004 0.650105
0.0153203 0.821802
0.937559 0.75985
0.959716 0.334025
0.866909 0.0678121
0.265084 0.176824
0.719535 0.39198
0.570177 0.657582
0.404065 0.0148015
0.502457 0.968139
0.620655 0.508225
0.829127 0.858486
0.46556 0.0447401
0.148259 0.687033
0.905057 0.10126
0.402875 0.00433363
0.649312 0.961516
0.998016 0.32606
0.45848 0.923795
0.803003 0.251778
0.411237 0.619861
0.819422 0.585803
0.167486 0.351573
0.796564 0.615955
0.756798 0.851222
0.575213 0.207038
0.923032 0.371929
0.441359 0.864986
0.557207 0.514512
0.27073 0.427747
0.249397 0.696799
0.745903 0.539659
0.490982 0.671865
0.426527 0.565081
0.558428 0.00119022
0.954711 0.0978118
0.610279 0.889492
0.176061 0.722526
0.0279855 0.286477
0.458388 0.184027
0.532304 0.66332
0.988464 0.621754
0.106204 0.36845
0.328898 0.0239875
0.255776 0.970031
0.0159307 0.559862
0.640248 0.49089
0.479537 0.94409
0.602283 0.942503
0.0667135 0.491226
0.630146 0.0636311
0.450209 0.0159001
0.282601 0.670858
0.202521 0.234626
0.607898 0.526017
0.817652 0.825983
0.588336 0.128117
0.961211 0.805261
0.641224 0.334971
0.230323 0.369915
0.70809 0.221107
0.204535 0.871731
0.962523 0.0784936
0.0688803 0.0723289
0.668966 0.966033
0.590808 0.338145
0.222724 0.713858
0.731223 0.93112
0.903073 0.789422
0.672414 0.0511185
0.370373 0.930784
0.542467 0.787072
0.438734 0.953887
0.618671 0.631825
0.155217 0.639882
0.290384 0.718467
0.717032 0.108829
0.56325 0.432936
0.257485 0.585894
0.385327 0.560442
0.0331126 0.966369
0.577044 0.620746
0.0415052 0.0858791
0.645589 0.549699
0.602802 0.101871
0.265694 0.382244
0.934782 0.892636
0.707389 0.0939665
0.2537 0.880093
0.99237 0.256996
0.431684 0.182836
0.0600909 0.666494
0.741844 0.505539
0.725181 0.594287
0.722709 0.670492
0.706412 0.825617
0.693014 0.198614
0.510117 0.135166
0.948088 0.845027
0.447493 0.359233
0.169103 0.4962
0.56859 0.719382
0.0767235 0.334666
0.793115 0.554521
0.859645 0.67748
0.0199896 0.117496
0.410291 0.394787
0.49678 0.592242
0.898068 0.314737
0.229591 0.987915
0.711905 0.521043
0.715995 0.0663167
0.303171 0.949187
0.780877 0.9588
0.960204 0.18778
0.797327 0.628529
0.0456252 0.891537
0.0734275 0.835292
0.728141 0.711234
0.686544 0.757866
0.73925 0.148076
0.54564 0.931394
0.186956 0.237831
0.963927 0.65508
0.957396 0.471328
0.52208 0.527085
0.735099 0.85754
0.504135 0.262337
0.174413 0.535661
0.686422 0.45024
0.251991 0.842006
0.761711 0.407636
0.332224 0.238319
0.178991 0.783898
0.977172 0.00790429
0.68096 0.0743126
0.031373 0.125156
0.319468 0.697928
0.0139164 0.20542
0.231269 0.79574
0.347758 0.941282
0.954436 0.406384
0.45851 0.93115
0.567186 0.174627
0.273782 0.306925
0.430158 0.249458
0.153752 0.0666219
0.813562 0.527818
0.784997 0.518296
0.190161 0.900388
0.0681173 0.7416
0.475784 0.655538
0.531266 0.47319
0.998016 0.697592
0.299631 0.322184
0.474899 0.736106
0.153447 0.721946
0.784722 0.101688
0.704733 0.524369
0.807733 0.34547
0.224555 0.643147
0.121677 0.277535
0.152074 0.651997
0.832057 0.601642
0.816248 0.744346
0.318155 0.801263
0.401715 0.960326
0.176763 0.434309
0.690298 0.0878933
0.143986 0.492203
0.608783 0.144047
0.277078 0.979369
0.114933 0.841914
0.177252 0.370067
0.452437 0.950926
0.534623 0.0982696
0.306253 0.955657
0.776879 0.73693
0.889798 0.919645
0.102542 0.0229194
0.494644 0.960662
0.68038 0.384198
0.534806 0.243416
0.295846 0.124821
0.616138 0.89639
0.226417 0.924741
0.662313 0.758202
0.626331 0.809931
0.628956 0.360942
0.202551 0.249825
0.836695 0.0557573
0.462935 0.537828
0.454695 0.687094
0.31785 0.111209
0.165899 0.722343
0.316721 0.966704
0.545 0.242683
0.300485 0.828181
0.180517 0.701559
0.751244 0.222419
0.0726951 0.856777
0.620533 0.11948
0.337413 0.782983
0.917447 0.293466
0.748436 0.370159
0.837489 0.0605487
0.148686 0.215125
0.714011 0.550127
0.26191 0.31135
0.572985 0.165288
0.93585 0.444105
0.572497 0.389264
0.34843 0.697165
0.108463 0.593371
0.208258 0.976562
0.867397 0.00369274
0.480148 0.958678
0.607837 0.481979
0.667531 0.368053
0.951415 0.276925
0.182653 0.991882
0.965056 0.403088
0.836055 0.336497
0.815455 0.802362
0.976226 0.333537
0.276864 0.945372
0.311075 0.000244148
0.373974 0.0281381
0.942289 0.461959
0.940458 0.421247
0.643635 0.241462
0.375042 0.526536
0.914914 0.222755
0.376049 0.698935
0.842372 0.194372
0.935514 0.38847
0.297067 0.379589
0.374584 0.15949
0.502426 0.858608
0.701071 0.743065
0.502121 0.290017
0.0704062 0.778771
0.559496 0.837336
0.631581 0.402203
0.0201727 0.70632
0.538926 0.334513
0.668569 0.20069
0.411145 0.630055
0.109622 0.701071
0.0191656 0.738426
0.207862 0.474105
0.483261 0.0375072
0.113407 0.718162
0.76162 0.493118
0.907895 0.751366
0.710959 0.601947
0.400403 0.748497
0.500687 0.274148
0.105136 0.933073
0.661977 0.811426
0.931974 0.630634
0.552507 0.637135
0.621143 0.0897855
0.518937 0.934568
0.453261 0.476852
0.537461 0.849696
0.266243 0.950621
0.61449 0.414747
0.309641 0.22364
0.728019 0.848537
0.968688 0.516037
0.591479 0.389996
0.88815 0.307718
0.0211188 0.321421
0.528336 0.796503
0.188025 0.337138
0.683767 0.466628
0.53618 0.914304
0.995758 0.675649
0.647847 0.8417
0.990966 0.664632
0.837428 0.56325
0.675924 0.898587
0.755181 0.492111
0.220038 0.143376
0.781762 0.951567
0.757317 0.185064
0.495193 0.899442
0.838618 0.597949
0.991302 0.0917081
0.565691 0.46794
0.338908 0.841914
0.937895 0.477248
0.951109 0.0324717
0.443068 0.256325
0.153569 0.534318
0.424085 0.410108
0.731773 0.690878
0.251625 0.123875
0.737602 0.0227058
0.835047 0.755913
0.337199 0.80929
0.502548 0.322214
0.980956 0.703787
0.781365 0.280465
0.677084 0.0374157
0.109958 0.518937
0.650044 0.969512
0.0129093 0.956664
0.164678 0.139348
0.769982 0.661184
0.79812 0.976592
0.110385 0.890316
0.939543 0.325571
0.964293 0.963744
0.800317 0.541032
0.801416 0.371044
0.714896 0.710074
0.589373 0.0224006
0.0137944 0.15775
0.902188 0.0479141
0.250587 0.892209
0.210273 0.0522172
0.0629902 0.144963
0.883816 0.230262
0.450667 0.6639
0.939573 0.250771
0.749687 0.913785
0.0637226 0.313517
0.0859096 0.84167
0.941099 0.286508
0.588061 0.362743
0.422071 0.329875
0.141606 0.223426
0.559069 0.911924
0.965178 0.397351
0.0430616 0.624226
0.790216 0.670919
0.0719321 0.701895
0.92581 0.574633
0.181585 0.654836
0.988952 0.316324
0.0712302 0.917051
0.58272 0.872585
0.954314 0.919187
0.702445 0.894589
0.465499 0.491867
0.151891 0.584735
0.656301 0.00466933
0.750481 0.200262
0.109134 0.148137
0.612568 0.339793
0.702414 0.764489
0.280557 0.669729
0.0565203 0.633168
0.992492 0.24601
0.193609 0.618275
0.865688 0.0880459
0.440657 0.0829493
0.277932 0.160772
0.108463 0.978118
0.226814 0.421125
0.977203 0.510727
0.949065 0.0852077
0.11951 0.799036
0.580737 0.772607
0.0933561 0.419874
0.139866 0.683584
0.0346385 0.255043
0.612507 0.466048
0.681845 0.542619
0.423505 0.927946
0.863521 0.53975
0.073336 0.251839
0.47969 0.702994
0.222327 0.86758
0.508988 0.792261
0.00308237 0.639332
0.0721458 0.805231
0.843104 0.523606
0.0835292 0.14774
0.57796 0.353801
0.521744 0.947081
0.13712 0.908475
0.850642 0.913572
0.583178 0.918485
0.621998 0.65801
0.785516 0.170415
0.791131 0.869747
0.510605 0.361614
0.776452 0.262642
0.209052 0.863277
0.794702 0.694876
0.281472 0.0484634
0.502548 0.368755
0.103763 0.340526
0.476272 0.516923
0.593982 0.638447
0.560503 0.480911
0.600757 0.275369
0.617359 0.588946
0.895901 0.166936
0.707266 0.738426
0.0513627 0.304819
0.232521 0.0899075
0.982391 0.252541
0.0753502 0.778802
0.437666 0.799493
0.260781 0.0504776
0.218451 0.429029
0.176824 0.726066
0.407147 0.757988
0.881985 0.403821
0.386822 0.602313
0.532182 0.303903
0.933256 0.826594
0.458174 0.16126
0.160314 0.632557
0.924253 0.0740379
0.600299 0.443617
0.100131 0.713218
0.199866 0.041139
0.277017 0.799554
0.513779 0.109043
0.858699 0.25486
0.876827 0.84283
0.159703 0.932981
0.835475 0.779107
0.541124 0.337046
0.620808 0.502548
0.915555 0.229743
0.94351 0.385571
0.152562 0.541917
0.892361 0.0177313
0.415754 0.486496
0.217627 0.480636
0.962523 0.283792
0.780511 0.125095
0.438337 0.404218
0.449416 0.00613422
0.196051 0.734977
0.225501 0.632801
0.67214 0.576647
0.877255 0.188299
0.350444 0.8764
0.866482 0.877468
0.345592 0.603442
0.846583 0.557115
0.136357 0.673544
0.514023 0.306101
0.48085 0.328532
0.0950346 0.0909452
0.044496 0.377148
0.247932 0.183355
0.772454 0.203467
0.66277 0.486099
0.536821 0.949095
0.139775 0.423292
0.0912503 0.775536
0.427259 0.551286
0.862911 0.612934
0.600665 0.546617
0.613605 0.301157
0.263802 0.727134
0.501602 0.529984
0.353771 0.762596
0.574908 0.484176
0.83047 0.730827
0.227241 0.599963
0.0321055 0.176122
0.648701 0.339061
0.978332 0.32551
0.801111 0.38667
0.401166 0.119785
0.950591 0.179266
0.786584 0.214942
0.287759 0.16895
0.206397 0.610859
0.667074 0.73043
0.222816 0.0628987
0.996582 0.116428
0.646199 0.933317
0.309427 0.368725
0.427992 0.637837
0.0480667 0.590136
0.469253 0.344859
0.592792 0.484146
0.626759 0.0822474
0.565355 0.568529
0.697378 0.909085
0.939787 0.96878
0.662435 0.307474
0.490463 0.198065
0.973052 0.452254
0.609729 0.829951
0.157414 0.512925
0.0257881 0.469192
0.532182 0.64565
0.452284 0.928739
0.298044 0.830775
0.700613 0.0168767
0.801752 0.212256
0.286538 0.843074
0.245033 0.0954619
0.0622272 0.0466018
0.622395 0.259102
0.904813 0.856166
0.168371 0.738304
0.992767 0.385083
0.0960723 0.734153
0.701621 0.0696432
0.907712 0.806879
0.650075 0.655934
0.0588092 0.00820948
0.927549 0.641896
0.257302 0.109622
0.0346385 0.580645
0.178289 0.582293
0.568133 0.151402
0.8764 0.485458
0.18067 0.404218
0.676473 0.919248
0.847865 0.0849025
0.824183 0.198096
0.972625 0.446028
0.677358 0.401105
0.358989 0.450789
0.719993 0.455794
0.586474 0.775536
0.179479 0.410993
0.815485 0.51735
0.528642 0.0557878
0.556352 0.0130924
0.653829 0.540147
0.431928 0.676015
0.970306 0.153844
0.465835 0.255837
0.266121 0.91995
0.927396 0.429609
0.555834 0.158757
0.264229 0.128239
0.724906 0.679006
0.154363 0.505844
0.246895 0.751915
0.208228 0.958129
0.753838 0.525071
0.352733 0.0953093
0.741203 0.0317698
0.428053 0.0772118
0.189489 0.452284
0.0285348 0.214942
0.382427 0.783532
0.119083 0.2472
0.704093 0.572985
0.458052 0.196234
0.695639 0.873501
0.358165 0.210273
0.15305 0.0748314
0.816492 0.298532
0.547288 0.7687
0.544908 0.365001
0.547655 0.302835
0.932096 0.447371
0.930418 0.181371
0.468368 0.567156
0.65276 0.96646
0.664937 0.0975982
0.374767 0.838618
0.998169 0.0553301
0.209357 0.471419
0.910855 0.2219
0.982147 0.37672
0.401074 0.501968
0.782373 0.376995
0.230384 0.423841
0.0861538 0.360881
0.282327 0.18891
0.233131 0.977996
0.102603 0.176244
0.537858 0.42964
0.152135 0.308329
0.817316 0.0115055
0.804163 0.184576
0.615558 0.564409
0.616962 0.38847
0.907193 0.489456
0.912961 0.875027
0.560076 0.484085
0.195959 0.844356
0.33961 0.65508
0.4373 0.00790429
0.734947 0.164464
0.762535 0.653676
0.388653 0.0653096
0.569659 0.416028
0.411542 0.482864
0.610462 0.157506
0.363048 0.797784
0.0656148 0.867702
0.179205 0.98761
0.145573 0.986145
0.829035 0.782647
0.24781 0.0552385
0.980499 0.792566
0.202063 0.109745
0.4579 0.259835
0.634754 0.708335
0.771172 0.596698
0.983764 0.0143742
0.498795 0.361034
0.194769 0.831965
0.805536 0.828608
0.630696 0.00253304
0.876186 0.816614
0.224982 0.07004
0.546464 0.915983
0.410535 0.619037
0.912656 0.787744
0.855159 0.193518
0.200659 0.680258
0.534837 0.201758
0.676504 0.82345
0.176489 0.713736
0.878719 0.856044
0.600574 0.557512
0.954436 0.942534
0.995788 0.620594
0.380261 0.735649
0.656484 0.762719
0.849147 0.840785
0.214118 0.245979
0.604297 0.938719
0.894467 0.0892056
0.00204474 0.222785
0.830866 0.251961
0.584124 0.30665
0.966063 0.0551469
0.440962 0.259133
0.572527 0.744102
0.147588 0.922239
0.923795 0.600574
0.0526444 0.168432
0.146764 0.50969
0.202368 0.254036
0.787591 0.388348
0.680593 0.924192
0.121128 0.381115
0.645894 0.42613
0.736229 0.229926
0.847499 0.0870083
0.427168 0.724021
0.900632 0.612415
0.923643 0.636006
0.103122 0.761589
0.489151 0.0506912
0.074221 0.556261
0.920438 0.492538
0.996918 0.67864
0.978057 0.758324
0.744774 0.215094
0.780206 0.861263
0.675466 0.402081
0.190466 0.992279
0.370708 0.529862
0.73104 0.905667
0.105411 0.66097
0.0525224 0.634297
0.326182 0.319407
0.491836 0.941679
0.921049 0.806574
0.748833 0.415937
0.561205 0.300394
0.213752 0.613453
0.896756 0.394299
0.976196 0.156743
0.886624 0.231391
0.0466323 0.194281
0.0449232 0.890927
0.822718 0.127537
0.884518 0.182714
0.330302 0.0121158
0.338633 0.506424
0.271645 0.538743
0.443129 0.930906
0.411145 0.00061037
0.0589618 0.151158
0.330332 0.1536
0.917295 0.478072
0.0833766 0.374767
0.768059 0.517777
0.78402 0.0264901
0.913297 0.696677
0.655507 0.431654
0.906491 0.288369
0.574755 0.366314
0.699179 0.09888
0.641713 0.476394
0.0160833 0.466384
0.805475 0.524522
0.239967 0.731254
0.07828 0.872799
0.587512 0.833705
0.368694 0.108585
0.857662 0.194037
0.465041 0.219062
0.532975 0.532762
0.200568 0.220374
0.516434 0.786035
0.331645 0.648823
0.283761 0.773431
0.159734 0.819147
0.733024 0.773705
0.429151 0.256691
0.513047 0.66509
0.531175 0.209998
0.111423 0.786157
0.54622 0.649159
0.483474 0.173772
0.155156 0.657216
0.503555 0.33433
0.950804 0.620228
0.019837 0.204108
0.181249 0.122379
0.794 0.455702
0.456191 0.952483
0.106662 0.806269
0.447035 0.127842
0.310404 0.483749
0.112766 0.342509
0.110996 0.508103
0.482192 0.744865
0.858608 0.942534
0.524216 0.45204
0.629933 0.77224
0.137211 0.70687
0.382611 0.566149
0.788934 0.0833766
0.963317 0.57796
0.837581 0.647847
0.250069 0.443312
0.0664693 0.480514
0.211432 0.12833
0.462325 0.465621
0.162114 0.286905
0.769036 0.754631
0.997711 0.68218
0.848262 0.810022
0.688711 0.828547
0.377697 0.435041
0.816126 0.511124
0.918699 0.69628
0.428694 0.337931
0.883969 0.144932
0.00418104 0.98175
0.437361 0.243233
0.795099 0.267586
0.856105 0.402173
0.340465 0.762383
0.387432 0.536699
0.425092 0.022309
0.130558 0.54503
0.267098 0.155309
0.975311 0.617634
0.215278 0.853664
0.128422 0.782983
0.737663 0.553819
0.259499 0.595447
0.981903 0.879513
0.796747 0.372478
0.689688 0.0240486
0.404706 0.88641
0.74572 0.228645
0.174932 0.917875
0.14243 0.012299
0.560533 0.576769
0.642537 0.310282
0.586322 0.79696
0.919492 0.176794
0.36552 0.9111
0.458144 0.208472
0.45439 0.711875
0.996338 0.344829
0.0759606 0.905606
0.788476 0.201788
0.744255 0.36491
0.473128 0.594836
0.319895 0.0863369
0.824824 0.407758
0.0290536 0.259285
0.172308 0.463363
0.475997 0.352611
0.763939 0.552446
0.181433 0.624897
0.861354 0.277139
0.677358 0.965087
0.843287 0.864986
0.689779 0.469039
0.100162 0.610034
0.440596 0.659169
0.00106815 0.0970183
0.599811 0.752342
0.714103 0.8652
0.919584 0.883358
0.161534 0.66747
0.0808435 0.689413
0.891263 0.981994
0.784478 0.162328
0.144963 0.931669
0.617328 0.174627
0.905423 0.268105
0.725547 0.585467
0.202979 0.576312
0.825129 0.33311
0.463546 0.356487
0.58211 0.419904
0.178533 0.138737
0.892972 0.196142
0.678518 0.287515
0.096469 0.848964
0.29133 0.65157
0.648915 0.502365
0.666707 0.715903
0.292795 0.835322
0.547655 0.412061
0.251656 0.623188
0.770714 0.242714
0.480972 0.109439
0.77575 0.876949
0.507096 0.613819
0.406964 0.872585
0.885586 0.282754
0.285958 0.681661
0.809503 0.388989
0.538469 0.595477
0.899747 0.0859096
0.155797 0.785119
0.70806 0.0235908
0.772301 0.093997
0.964171 0.732139
0.14011 0.738975
0.0983612 0.178747
0.0824 0.575243
0.070864 0.405438
0.206366 0.082461
0.0386975 0.652303
0.157231 0.727805
0.892209 0.873989
0.694662 0.861751
0.191412 0.0546892
0.372326 0.803949
0.534654 0.228309
0.102847 0.274392
0.889462 0.609882
0.388012 0.826594
0.917966 0.744621
0.496902 0.439039
0.827631 0.080874
0.372112 0.921201
0.77871 0.873074
0.545915 0.289895
0.379192 0.820826
0.847468 0.773064
0.299509 0.351024
0.182195 0.59624
0.537065 0.948424
0.164739 0.209082
0.362804 0.441389
0.886654 0.106967
0.480392 0.649037
0.600055 0.905026
0.429731 0.295877
0.598712 0.820093
0.765831 0.600299
0.077456 0.217322
0.0440992 0.44322
0.251564 0.377361
0.143986 0.522935
0.516892 0.140355
0.961303 0.4026
0.932463 0.583636
0.000946074 0.856533
0.806574 0.388256
0.902005 0.421705
0.667592 0.0516373
0.424512 0.56035
0.400769 0.602069
0.931486 0.340251
0.832453 0.971282
0.895657 0.0390027
0.542528 0.681722
0.463118 0.578143
0.186926 0.00424207
0.604907 0.193487
0.111087 0.24311
0.887509 0.248665
0.535508 0.30369
0.393902 0.596667
0.0949126 0.20011
0.82635 0.397015
0.012299 0.658467
0.321665 0.794183
0.688925 0.471633
0.0112613 0.363353
0.991394 0.762932
0.855983 0.730308
0.0174871 0.813562
0.787866 0.271126
0.621754 0.611316
0.68984 0.298563
0.481918 0.775842
0.244453 0.640492
0.987701 0.0173345
0.182928 0.0176702
0.733146 0.7846
0.966124 0.126377
0.893735 0.258705
0.427961 0.832301
0.269417 0.348979
0.413495 0.382
0.274941 0.846675
0.942015 0.0386059
0.658895 0.393414
0.926817 0.0469375
0.232063 0.420423
0.983062 0.335429
0.387371 0.714408
0.354625 0.86053
0.69161 0.766869
0.491348 0.999756
0.330882 0.562761
0.307901 0.900113
0.691 0.964995
0.655721 0.187567
0.85342 0.350536
0.038789 0.944334
0.288888 0.655354
0.105136 0.359752
0.529466 0.483016
0.94467 0.961455
0.100131 0.434767
0.725028 0.832698
0.491775 0.315867
0.696799 0.722465
0.456038 0.375744
0.0986358 0.454207
0.404035 0.237068
0.994568 0.539659
0.189489 0.67101
0.573595 0.404218
0.0583514 0.87402
0.94409 0.129643
0.0451369 0.403058
0.953093 0.12067
0.598193 0.425428
0.0623493 0.601764
0.714499 0.438765
0.812494 0.350108
0.365703 0.118564
0.905972 0.571307
0.496139 0.448683
0.440657 0.323679
0.374645 0.791162
0.325083 0.39787
0.58092 0.0518509
0.406384 0.05768
0.407941 0.598346
0.342448 0.54857
0.961943 0.0852077
0.749687 0.779656
0.740318 0.844874
0.657094 0.0863369
0.969939 0.998108
0.798425 0.478805
0.485946 0.942106
0.7734 0.283273
0.433241 0.371715
0.609424 0.582049
0.571154 0.489853
0.754906 0.358745
0.463088 0.563891
0.0352184 0.754692
0.332102 0.483749
0.60332 0.342936
0.863704 0.478408
0.415174 0.826228
0.737358 0.646901
0.262307 0.0648518
0.167394 0.45967
0.892026 0.84109
0.235542 0.887265
0.246559 0.265786
0.29487 0.312021
0.353221 0.234443
0.228126 0.879391
0.895505 0.837611
0.840236 0.444594
0.997467 0.133091
0.166997 0.771691
0.252266 0.185827
0.981201 0.140507
0.525925 0.781091
0.276986 0.0182501
0.567766 0.718192
0.0142827 0.951689
0.9588 0.0904569
0.903836 0.336131
0.429273 0.457656
0.514939 0.218146
0.0766015 0.31727
0.486496 0.787103
0.514725 0.780938
0.122684 0.71276
0.486709 0.862178
0.155065 0.984863
0.971252 0.281625
0.951353 0.410596
0.314615 0.196234
0.953337 0.426984
0.419294 0.758476
0.624043 0.383526
0.520463 0.911802
0.686361 0.952086
0.581561 0.328776
0.933531 0.819788
0.840358 0.898129
0.393323 0.321635
0.536668 0.666555
0.127171 0.168462
0.352794 0.642323
0.44499 0.927213
0.598346 0.365886
0.817408 0.40904
0.670186 0.654988
0.266488 0.622333
0.819208 0.429182
0.516465 0.445906
0.755028 0.0211188
0.684927 0.679647
0.119602 0.880428
0.796899 0.627949
0.361492 0.075869
0.902005 0.872921
0.0416272 0.503494
0.0765404 0.393017
0.101871 0.205176
0.0917081 0.68395
0.127964 0.705496
0.028779 0.0374462
0.137761 0.771813
0.623066 0.634816
0.925901 0.504898
0.617573 0.610736
0.496658 0.165807
0.90762 0.744682
0.615955 0.645009
0.757714 0.934874
0.0133366 0.980682
0.872127 0.112033
0.266182 0.832026
0.599963 0.748924
0.896268 0.313791
0.0563982 0.62154
0.710776 0.0984832
0.441237 0.978759
0.91879 0.192419
0.335734 0.776208
0.0540178 0.291604
0.259621 0.131199
0.235908 0.124363
0.268654 0.654286
0.799402 0.6863
0.874783 0.81402
0.825465 0.773888
0.0695822 0.991455
0.603168 0.723685
0.732841 0.380016
0.554521 0.762291
0.206488 0.387707
0.653584 0.874325
0.316691 0.696951
0.870907 0.59386
0.623554 0.639515
0.674612 0.626423
0.181188 0.0416883
0.119449 0.706656
0.588702 0.196722
0.554888 0.599231
0.613208 0.120121
0.483596 0.648152
0.166509 0.744743
0.601642 0.781243
0.916807 0.211341
0.551592 0.37611
0.315683 0.911374
0.419599 0.89346
0.323405 0.437452
0.508042 0.684408
0.611682 0.099002
0.414808 0.877743
0.527024 0.157933
0.950316 0.753685
0.594531 0.441633
0.923734 0.510056
0.844325 0.489212
0.329783 0.827326
0.741295 0.886837
0.966948 0.138737
0.999756 0.949217
0.0184942 0.0119327
0.0638752 0.402722
0.628163 0.547807
0.535813 0.226905
0.000366222 0.203467
0.331706 0.310221
0.0580767 0.94525
0.84814 0.0767846
0.187658 0.137791
0.919156 0.73986
0.103397 0.0762047
0.845698 0.338481
0.362377 0.566515
0.278481 0.213843
0.560625 0.46147
0.235817 0.0811182
0.742698 0.557726
0.0372631 0.353282
0.0549028 0.760491
0.434614 0.873165
0.174322 0.921934
0.721305 0.709952
0.544145 0.259835
0.10181 0.176489
0.94705 0.762596
0.101901 0.723441
0.447707 0.486465
0.301157 0.866451
0.235847 0.152135
0.168981 0.803247
0.400525 0.945982
0.28547 0.875973
0.167669 0.932707
0.728324 0.535722
0.631733 0.985809
0.906827 0.96527
0.512528 0.641682
0.6245 0.0161138
0.968902 0.783685
0.651601 0.616443
9.15555e-05 0.562822
0.588397 0.305673
0.466628 0.460768
0.300851 0.052797
0.261025 0.901852
0.709922 0.0135502
0.660695 0.319987
0.215308 0.383679
0.393353 0.0872219
0.535661 0.00393689
0.446791 0.209357
0.245552 0.873653
0.153935 0.19599
0.791528 0.228065
0.584552 0.0101627
0.26722 0.33726
0.774895 0.504593
0.730338 0.681234
0.826411 0.250313
0.341075 0.658589
0.40495 0.164434
0.104648 0.484787
0.671468 0.842616
0.498276 0.435621
0.175787 0.00302133
0.764244 0.093234
0.744438 0.948057
0.150395 0.749901
0.893704 0.449416
0.878872 0.626331
0.799615 0.963988
0.12476 0.0609455
0.355602 0.585192
0.785852 0.325877
0.34959 0.637623
0.324412 0.22602
0.290872 0.320109
0.462813 0.137974
0.919431 0.304086
0.0134281 0.644337
0.927427 0.693075
0.625263 0.420026
0.925321 0.249886
0.726981 0.526872
0.183203 0.297678
0.449293 0.772607
0.178655 0.200995
0.806452 0.290658
0.482742 0.833216
0.919218 0.996704
0.014893 0.936369
0.55974 0.0785546
0.19837 0.780236
0.800256 0.175604
0.0473647 0.0259407
0.0462661 0.403638
0.716758 0.201483
0.236122 0.882015
0.546312 0.694266
0.487289 0.918668
0.130161 0.667776
0.971801 0.509964
0.442763 0.808405
0.300851 0.3108
0.553026 0.30842
0.200995 0.732047
0.957396 0.991546
0.762108 0.320994
0.0632649 0.987365
0.0390942 0.0812403
0.854396 0.861019
0.28843 0.888546
0.268685 0.603809
0.620533 0.658101
0.320566 0.391766
0.349528 0.420667
0.498459 0.51796
0.821589 0.962676
0.469069 0.404584
0.00268563 0.187048
0.619434 0.101932
0.60802 0.851497
0.468245 0.179327
0.0528275 0.839259
0.477554 0.415448
0.00772118 0.619861
0.295816 0.193243
0.837764 0.0553606
0.964354 0.006592
0.708396 0.208563
0.117466 0.984283
0.638203 0.309488
0.708304 0.837733
0.28016 0.53618
0.290994 0.139225
0.713065 0.76635
0.391156 0.336039
0.0232856 0.95587
0.995086 0.40727
0.959593 0.300607
0.689505 0.569597
0.440748 0.83755
0.4832 0.938017
0.198431 0.641652
0.84106 0.547899
0.335917 0.27485
0.962645 0.644826
0.0839564 0.643025
0.836055 0.647847
0.535325 0.917356
0.0982696 0.693228
0.63918 0.67684
0.233711 0.164312
0.236152 0.927244
0.141545 0.114048
0.41612 0.153508
0.603717 0.986206
0.979034 0.0616779
0.684378 0.541765
0.280892 0.166204
0.592425 0.396863
0.245521 0.879696
0.037965 0.0777917
0.823817 0.260292
0.614399 0.000274667
0.681051 0.0741295
0.236854 0.278726
0.394604 0.327952
0.168828 0.771599
0.942198 0.928953
0.667745 0.269631
0.762566 0.627766
0.780938 0.232826
0.169683 0.900937
0.323405 0.98236
0.401715 0.929106
0.568285 0.75396
0.0859096 0.326945
0.6816 0.518784
0.400922 0.781732
0.432264 0.978362
0.717521 0.255837
0.20893 0.639149
0.999084 0.910398
0.874508 0.373882
0.743156 0.405591
0.489883 0.375225
0.745262 0.734306
0.438246 0.908444
0.466109 0.245186
0.980651 0.768792
0.283853 0.011536
0.774773 0.850826
0.412 0.20188
0.38786 0.734642
0.764824 0.608905
0.334788 0.696524
0.551286 0.992981
0.672933 0.0491348
0.878658 0.396069
0.684927 0.218543
0.14713 0.0829493
0.680502 0.463363
0.51677 0.265358
0.448897 0.643086
0.227912 0.265603
0.39259 0.941343
0.0564287 0.276193
0.874233 0.950407
0.684957 0.370952
0.807489 0.0234382
0.271157 0.924741
0.0234382 0.300516
0.995086 0.0972625
0.443587 0.314615
0.865627 0.538133
0.590564 0.584124
0.568407 0.968169
0.468337 0.0976592
0.635945 0.794427
0.342448 0.098178
0.720969 0.414563
0.452132 0.0715354
0.254891 0.366802
0.185247 0.346904
0.272195 0.981903
0.747307 0.214545
0.681936 0.693258
0.855861 0.967406
0.767907 0.661794
0.491806 0.772759
0.198431 0.871029
0.238166 0.78045
0.327555 0.349498
0.23838 0.373211
0.0678732 0.67626
0.304666 0.966369
0.117344 0.425733
0.208319 0.262185
0.820856 0.708426
0.68273 0.365795
0.447462 0.463576
0.170415 0.668538
0.165349 0.659871
0.845943 0.905362
0.494949 0.0607624
0.944823 0.29194
0.521958 0.71044
0.930754 0.148534
0.651418 0.796625
0.531938 0.916166
0.183874 0.0468154
0.177648 0.971496
0.495468 0.313944
0.866512 0.147313
0.102176 0.50734
0.997711 0.36372
0.390637 0.526261
0.196265 0.277291
0.295877 0.351207
0.663869 0.353923
0.707785 0.949767
0.0860317 0.271828
0.887204 0.153264
0.627491 0.0607624
0.672994 0.160253
0.0464797 0.883969
0.76162 0.823389
0.459639 0.868709
0.839961 0.375378
0.788232 0.892209
0.853084 0.751122
0.417554 0.72866
0.187902 0.161412
0.100467 0.463851
0.0542009 0.0751061
0.636067 0.58385
0.844142 0.265511
0.355174 0.64333
0.751366 0.0776696
0.943907 0.920682
0.431562 0.572588
0.635823 0.965392
0.984832 0.704428
0.305185 0.444349
0.0416272 0.187414
0.491317 0.193365
0.233924 0.208533
0.885922 0.879757
0.831751 0.641743
0.31492 0.182623
0.827357 0.920682
0.74517 0.897153
0.247963 0.22602
0.348216 0.868648
0.978057 0.143132
0.151646 0.163091
0.872799 0.446883
0.309915 0.380383
0.443648 0.169622
0.525101 0.516098
0.897671 0.608753
0.649831 0.278603
0.811396 0.429701
0.00259407 0.267464
0.220771 0.521134
0.427717 0.919156
0.40846 0.758293
0.630146 0.627064
0.16953 0.330577
0.817316 0.941099
0.837031 0.790307
0.178808 0.254036
0.848384 0.477706
0.235023 0.880184
0.134404 0.480026
0.586413 0.932798
0.111393 0.779199
0.0940886 0.90698
0.558367 0.745842
0.0237434 0.373486
0.159948 0.634877
0.183294 0.690329
0.99704 0.23954
0.586108 0.138066
0.765343 0.359722
0.670919 0.385418
0.00424207 0.241035
0.609546 0.690878
0.116428 0.64095
0.733696 0.747246
0.4597 0.677847
0.612384 0.574572
0.292459 0.119938
0.810724 0.368725
0.853969 0.269509
0.86169 0.710776
0.360485 0.0993683
0.482253 0.0441908
0.198767 0.797327
0.564501 0.825953
0.098117 0.375164
0.973754 0.257485
0.56209 0.498611
0.684347 0.0021363
0.341288 0.19364
0.284677 0.795282
0.22837 0.586596
0.382611 0.352794
0.956725 0.333354
0.942503 0.485397
0.483627 0.894589
0.0850246 0.823511
0.439741 0.312326
0.381481 0.0601215
0.025605 0.64568
0.172979 0.117679
0.136876 0.719993
0.946745 0.144444
0.999023 0.347392
0.299905 0.747673
0.0934172 0.674154
0.522935 0.369274
0.655507 0.810968
0.332835 0.21012
0.526292 0.403119
0.788476 0.60979
0.639027 0.295999
0.918638 0.287088
0.921506 0.952757
0.0941191 0.348735
0.895871 0.780053
0.675466 0.471572
0.756859 0.0184027
0.967071 0.164739
0.209815 0.353069
0.00927763 0.518509
0.849727 0.902036
0.239784 0.345439
0.362407 0.736991
0.555132 0.120426
0.329539 0.594104
0.804041 0.625904
0.917997 0.930174
0.243568 0.708243
0.235572 0.980804
0.989563 0.0518509
0.633869 0.97702
0.992157 0.377056
0.739525 0.175939
0.568194 0.968047
0.495529 0.862575
0.0216376 0.93701
0.993194 0.978118
0.382733 0.13126
0.37672 0.531846
0.797784 0.0888089
0.601093 0.452406
0.600696 0.949065
0.324717 0.0345164
0.597247 0.724937
0.718253 0.637928
0.593432 0.842586
0.470412 0.794458
0.699393 0.35493
0.772668 0.379406
0.439863 0.735191
0.563402 0.00402844
0.20249 0.656667
0.813166 0.284463
0.0554827 0.665456
0.132237 0.144078
0.465285 0.151677
0.481826 0.805506
0.946318 0.525742
0.269631 0.627979
0.173193 0.00625629
0.611896 0.446852
0.587603 0.92526
0.0424207 0.571429
0.0298776 0.957213
0.45027 0.0967742
0.427931 0.17835
0.526963 0.686941
0.0735496 0.362316
0.505142 0.484451
0.518113 0.418012
0.469069 0.303385
0.618519 0.376629
0.0188299 0.761986
0.764946 0.833796
0.569323 0.510483
0.821375 0.252785
0.0652181 0.211554
0.810236 0.0354625
0.393139 0.428327
0.872585 0.767083
0.27253 0.0773339
0.534684 0.541032
0.906034 0.601947
0.81283 0.770074
0.170995 0.522629
0.186834 0.390088
0.633564 0.520798
0.974456 0.862575
0.165502 0.711753
0.136906 0.882229
0.44673 0.263405
0.0477615 0.196112
0.133122 0.0171819
0.255684 0.440046
0.972045 0.266762
0.772576 0.39906
0.646016 0.351604
0.918546 0.597766
0.626576 0.220923
0.254494 0.627216
0.818812 0.624836
0.634205 0.1142
0.278268 0.0885037
0.9064 0.739586
0.781457 0.325938
0.298776 0.21128
0.530992 0.249275
0.0148015 0.5992
0.776849 0.230232
0.0745872 0.937162
0.634785 0.769646
0.931364 0.498947
0.883419 0.23133
0.894162 0.654561
0.0208747 0.797113
0.889065 0.712302
0.362804 0.298166
0.588916 0.654103
0.46205 0.0800195
0.443892 0.169073
0.632557 0.556963
0.643391 0.892575
0.85754 0.611896
0.541093 0.256233
0.863796 0.498398
0.573901 0.856075
0.643391 0.400983
0.206519 0.743736
0.203742 0.309549
0.932524 0.548509
0.82754 0.36491
0.863247 0.83517
0.623585 0.330912
0.936064 0.604694
0.649983 0.350078
0.272744 0.343669
0.390912 0.638447
0.71981 0.528794
0.867977 0.276284
0.101413 0.992706
0.167577 0.750664
0.216651 0.0574053
0.666005 0.406201
0.112033 0.841639
0.732231 0.460524
0.660817 0.64803
0.191229 0.739982
0.980041 0.836879
0.327921 0.792688
0.716819 0.0922269
0.713431 0.534654
0.734977 0.487259
0.634938 0.0852687
0.233345 0.254036
0.410199 0.94879
0.826991 0.665212
0.368236 0.19715
0.622303 0.933042
0.777154 0.811945
0.818079 0.532182
0.500381 0.839808
0.862514 0.852809
0.663045 0.519272
0.69866 0.589709
0.108921 0.0343028
0.128727 0.774224
0.92996 0.0509659
0.828913 0.854976
0.849178 0.693655
0.0455947 0.733573
0.738395 0.116886
0.505051 0.161748
0.051912 0.329417
0.566454 0.405988
0.457534 0.426008
0.151006 0.586138
0.445967 0.884091
0.477279 0.593738
0.200232 0.0809046
0.134587 0.997253
0.505875 0.687857
0.52559 0.83932
0.983428 0.0975372
0.209021 0.733146
0.424574 0.54088
0.174383 0.163915
0.512955 0.04944
0.579272 0.401502
0.71102 0.920103
0.981017 0.930723
0.594073 0.837519
0.593524 0.805444
0.412946 0.311411
0.601062 0.832972
0.166326 0.584399
0.0595416 0.994324
0.964324 0.666677
0.417341 0.00747703
0.963897 0.654103
0.186163 0.439436
0.658193 0.985656
0.793756 0.272866
0.800531 0.796503
0.14948 0.33491
0.744255 0.0231635
0.95407 0.492721
0.480026 0.416852
0.284555 0.0234077
0.151555 0.121097
0.486068 0.0639058
0.331095 0.970367
0.901578 0.546983
0.836085 0.165319
0.470321 0.530045
0.367687 0.481613
0.727348 0.322703
0.753441 0.667867
0.234016 0.319468
0.0740074 0.189337
0.971831 0.943663
0.456557 0.973876
0.730064 0.608875
0.814844 0.315622
0.0192267 0.104526
0.318308 0.593616
0.540788 0.311228
0.870602 0.960723
0.744804 0.652547
0.379192 0.659627
0.506974 0.189337
0.0974151 0.122349
0.455885 0.763115
0.81991 0.508621
0.981811 0.093997
0.212531 0.84051
0.458571 0.240669
0.0590533 0.388592
0.709586 0.32728
0.704245 0.466689
0.249001 0.944578
0.475967 0.29075
0.329814 0.130833
0.367046 0.0585955
0.329753 0.339579
0.757988 0.906705
0.506088 0.299173
0.461959 0.899777
0.651295 0.171972
0.87347 0.710379
0.679891 0.917997
0.501541 0.143773
0.678396 0.27018
0.669271 0.165044
0.449538 0.227302
0.660176 0.584155
0.0814844 0.470473
0.0934782 0.0554827
0.574206 0.609882
0.809015 0.54854
0.0531327 0.667898
0.0429701 0.944853
0.60268 0.70452
0.176336 0.918638
0.249367 0.992004
0.836238 0.756737
0.127323 0.644215
0.632679 0.27427
0.356151 0.107578
0.3108 0.482253
0.663076 0.419507
0.600848 0.163335
0.280679 0.640553
0.546129 0.0121464
0.151097 0.366771
0.591235 0.496139
0.968017 0.728568
0.211035 0.0936308
0.0879849 0.781579
0.361919 0.0648518
0.842189 0.697012
0.536607 0.412549
0.279519 0.656697
0.703787 0.188208
0.872921 0.859584
0.913663 0.800378
0.21952 0.545732
0.850734 0.480972
0.266671 0.444258
0.11536 0.56624
0.093936 0.551195
0.514786 0.748344
0.783502 0.64388
0.145177 0.953948
0.409528 0.437788
0.546312 0.005768
0.677999 0.792138
0.70922 0.724052
0.247963 0.870754
0.219062 0.623218
0.265999 0.664144
0.313944 0.860866
0.144597 0.779138
0.140538 0.594806
0.11594 0.902402
0.989013 0.404462
0.592456 0.84402
0.78692 0.933348
0.865139 0.567431
0.634754 0.407788
0.171087 0.111881
0.66332 0.189795
0.661367 0.813746
0.994873 0.0185553
0.300516 0.732871
0.0889309 0.0980255
0.229102 0.69039
0.254128 0.686422
0.620136 0.823969
0.607257 0.343974
0.561113 0.0668966
0.260994 0.494919
0.992584 0.457411
0.0211493 0.460494
0.234626 0.684042
0.375256 0.618549
0.132633 0.773888
0.0530106 0.846736
0.353038 0.329508
0.940733 0.904782
0.861263 0.220862
0.629994 0.912717
0.112003 0.138829
0.382885 0.581042
0.984283 0.915922
0.794092 0.348857
0.991119 0.0210883
0.931578 0.0868252
0.796503 0.13477
0.237251 0.520524
0.569994 0.209723
0.968535 0.0307627
0.210456 0.924986
0.461806 0.987518
0.970122 0.938261
0.000122074 0.27253
0.510483 0.843806
0.565172 0.148564
0.920865 0.241127
0.255165 0.129856
0.731407 0.821772
0.650441 0.0110477
0.451064 0.879482
0.907254 0.710746
0.662648 0.150792
0.861324 0.0853298
0.20542 0.391858
0.922605 0.370342
0.477065 0.597613
0.0421766 0.40437
0.385876 0.27015
0.532762 0.293008
0.984771 0.641896
0.0235908 0.668172
0.317972 0.260201
0.332133 0.199377
0.512162 0.839625
0.532121 0.513474
0.642476 0.787744
0.000732444 0.178381
0.405774 0.31135
0.725516 0.90817
0.131382 0.508957
0.651814 0.644276
0.161168 0.355541
0.353099 0.670797
0.129795 0.986572
0.804437 0.418592
0.176916 0.186712
0.540727 0.115268
0.621998 0.49028
0.981231 0.937315
0.133396 0.798853
0.200995 0.820154
0.922941 0.92291
0.931089 0.582812
0.996796 0.953642
0.0684225 0.523331
0.994659 0.870876
0.476699 0.140904
0.647877 0.29371
0.359539 0.141545
0.387768 0.780084
0.987274 0.382916
0.136052 0.581042
0.0581378 0.914975
0.807764 0.256783
0.476119 0.772607
0.558306 0.0600299
0.825373 0.676504
0.306375 0.493271
0.323496 0.298288
0.562883 0.946043
0.534837 0.24659
0.098178 0.818628
0.624073 0.429884
0.478347 0.0383618
0.432905 0.952635
0.00177007 0.374615
0.159612 0.200873
0.0674764 0.458907
0.923795 0.273507
0.506333 0.91641
0.996765 0.415418
0.906278 0.51503
0.979644 0.609088
0.462996 0.738273
0.709494 0.980316
0.387524 0.688192
0.175726 0.17481
0.401166 0.72457
0.226997 0.36195
0.350139 0.747002
0.350749 0.0212104
0.470107 0.525315
0.306162 0.168615
0.332774 0.985595
0.891781 0.178472
0.00512711 0.857082
0.629292 0.857295
0.452834 0.586932
0.64452 0.92584
0.719199 0.928739
0.526811 0.56563
0.910398 0.110996
0.448439 0.186224
0.51915 0.992279
0.324778 0.0692465
0.117008 0.108249
0.296945 0.0458693
0.947325 0.0184942
0.317728 0.863582
0.449751 0.857631
0.122532 0.398663
0.247719 0.497971
0.366192 0.37083
0.629994 0.230049
0.206977 0.715781
0.0575884 0.366588
0.119388 0.272286
0.72747 0.676717
0.216407 0.940214
0.723838 0.0564898
0.862972 0.965087
0.788965 0.342143
0.861538 0.506272
0.244179 0.671865
0.991455 0.144292
0.0924406 0.302774
0.182714 0.484115
0.833979 0.28956
0.106113 0.510086
0.0258187 0.930052
0.46028 0.849361
0.117161 0.385113
0.737602 0.599597
0.590899 0.378613
0.749535 0.877468
0.943175 0.383343
0.693381 0.744041
0.532273 0.199896
0.0408643 0.663411
0.827784 0.334208
0.0306711 0.150761
0.0912198 0.0801111
0.0452284 0.766137
0.0199286 0.713523
0.654012 0.110202
0.384716 0.703696
0.60387 0.978149
0.193091 0.348827
0.537797 0.327982
0.409162 0.741478
0.723716 0.219886
0.761406 0.470168
0.574053 0.381939
0.669424 0.964019
0.237587 0.559526
0.821345 0.885739
0.0450453 0.304056
0.432661 0.479934
0.0891751 0.35728
0.71807 0.282785
0.721061 0.287637
0.607318 0.0991241
0.243385 0.534989
0.236732 0.653493
0.582781 0.519303
0.246956 0.8211
0.22129 0.970702
0.419019 0.845454
0.169286 0.135868
0.679189 0.448134
0.260475 0.018128
0.0044557 0.237739
0.550432 0.306619
0.25956 0.32371
0.10004 0.151311
0.496872 0.541581
0.92468 0.440138
0.750511 0.195715
0.390881 0.734031
0.85577 0.726066
0.841578 0.516495
0.325236 0.204718
0.730796 0.914274
0.812769 0.0690634
0.0496536 0.544176
0.19657 0.997314
0.324625 0.643941
0.812922 0.332926
0.968963 0.142033
0.870998 0.964293
0.269387 0.823359
0.581256 0.0652791
0.788537 0.24662
0.0274056 0.604022
0.464522 0.570605
0.314127 0.0248115
0.189398 0.943907
0.0211493 0.010712
0.146977 0.616291
0.49556 0.732078
0.692007 0.426374
0.0128483 0.487686
0.0513627 0.822962
0.338725 0.145146
0.628956 0.0752586
0.722312 0.285623
0.195166 0.829615
0.852321 0.460646
0.742576 0.667318
0.807459 0.465896
0.288797 0.821345
0.531968 0.0392468
0.407727 0.706992
0.868221 0.88876
0.770898 0.423688
0.676687 0.45674
0.479324 0.883389
0.0755028 0.326792
0.468337 0.722373
0.33021 0.679525
0.765069 0.652425
0.425031 0.703085
0.881497 0.407697
0.847407 0.365551
0.12299 0.943663
0.616199 0.454421
0.0943938 0.0440687
0.0857265 0.290139
0.184332 0.992553
0.556108 0.0197455
0.309763 0.464644
0.221625 0.896695
0.70098 0.29725
0.488327 0.453352
0.00930815 0.290719
0.19187 0.972411
0.518174 0.700888
0.747032 0.163121
0.738823 0.576373
0.760094 0.449232
0.172216 0.598346
0.135563 0.77398
0.518296 0.57796
0.208045 0.329447
0.113193 0.268532
0.930723 0.115818
0.877163 0.648579
0.652089 0.736717
0.552477 0.331278
0.511338 0.337291
0.51442 0.257729
0.984588 0.091464
0.935392 0.329264
0.612354 0.14359
0.583728 0.135716
0.440291 0.412091
0.0389416 0.435347
0.203711 0.1601
0.603687 0.543321
0.787835 0.740471
0.694601 0.28431
0.994324 0.420454
0.992859 0.666158
0.146001 0.692862
0.135624 0.930082
0.560747 0.979888
0.229957 0.134342
0.425275 0.135533
0.970061 0.927549
0.101321 0.653523
0.63918 0.667043
0.394055 0.98587
0.7781 0.539903
0.815027 0.879727
0.800073 0.841792
0.370281 0.137669
0.334971 0.0703452
0.905332 0.708213
0.582842 0.989349
0.537706 0.512436
0.45851 0.319437
0.209052 0.913541
0.808588 0.212867
0.887326 0.234809
0.481796 0.166784
0.450514 0.233131
0.534318 0.532853
0.783776 0.933439
0.35081 0.27839
0.12009 0.730857
0.963134 0.156224
0.156804 0.166814
0.347087 0.938444
0.978423 0.285073
0.97943 0.871242
0.317576 0.97409
0.435438 0.00646992
0.185095 0.202002
0.309061 0.566759
0.40022 0.550615
0.236518 0.999451
0.052736 0.954039
0.304483 0.87698
0.428022 0.0490127
0.624561 0.298563
0.425825 0.0428785
0.354808 0.950743
0.00503555 0.504929
0.94995 0.481582
0.684561 0.988189
0.92114 0.346294
0.632435 0.887509
0.886959 0.779565
0.373821 0.44026
0.196539 0.0507218
0.64977 0.275552
0.906339 0.659139
0.457106 0.418928
0.3914 0.624409
0.801691 0.158086
0.373028 0.529405
0.195379 0.676443
0.643391 0.470687
0.428938 0.860225
0.268777 0.574023
0.65096 0.185888
0.552721 0.230232
0.285165 0.0938444
0.539842 0.708182
0.816553 0.75454
0.342326 0.30079
0.978057 0.633564
0.0695822 0.660726
0.368908 0.761925
0.642933 0.481521
0.0357982 0.117283
0.276131 0.181036
0.0480972 0.0232856
0.903287 0.742668
0.598651 0.972228
0.335093 0.371288
0.661061 0.777947
0.425214 0.119907
0.735038 0.465407
0.027192 0.143223
0.710715 0.802271
0.0239875 0.734184
0.383282 0.879757
0.210883 0.800378
0.649739 0.648244
0.313242 0.935881
0.917814 0.8146
0.920072 0.745018
0.759667 0.006592
0.615192 0.574572
0.340556 0.611652
0.086642 0.31016
0.654561 0.195196
0.495926 0.393567
0.0975372 0.905728
0.888333 0.716758
0.410077 0.77221
0.925413 0.549364
0.520066 0.300455
0.721152 0.155461
0.317392 0.274453
0.062685 0.256172
0.891263 0.169134
0.797266 0.993957
0.261879 0.0806604
0.666128 0.555467
0.137394 0.580554
0.367382 0.108676
0.727378 0.399823
0.12833 0.210578
0.144414 0.34962
0.568743 0.342112
0.424726 0.38432
0.136631 0.726096
0.699179 0.213324
0.897488 0.0846889
0.545946 0.368328
0.958007 0.492538
0.0560015 0.131413
0.306375 0.981872
0.642994 0.231117
0.349254 0.0557573
0.128025 0.71218
0.92761 0.766076
0.131718 0.88525
0.0922269 0.511612
0.303598 0.763207
0.420301 0.213874
0.42085 0.889828
0.154027 0.0253609
0.887661 0.967315
0.943205 0.227882
0.665731 0.18891
0.47203 0.476241
0.168187 0.683096
0.752373 0.0439161
0.147282 0.974822
0.364055 0.227058
0.107639 0.870998
0.42378 0.562853
0.276101 0.676077
0.563677 0.0186163
0.659352 0.143712
0.701041 0.807855
0.221015 0.0711692
0.880215 0.98941
0.708792 0.942442
0.967986 0.506241
0.163305 0.526505
0.483932 0.81988
0.640126 0.837123
0.346416 0.796594
0.175481 0.359752
0.816279 0.00219733
0.527665 0.952757
0.418622 0.0608234
0.72512 0.328257
0.124882 0.234779
0.952147 0.519791
0.575243 0.881161
0.803949 0.242103
0.62392 0.941679
0.442091 0.550096
0.987701 0.122074
0.681539 0.702597
0.279092 0.917173
0.540452 0.637684
0.205908 0.137577
0.284402 0.965423
0.21778 0.0953093
0.495743 0.884487
0.381176 0.103
0.199774 0.928953
0.764428 0.444502
0.578692 0.951201
0.113498 0.472091
0.304636 0.247597
0.100314 0.986969
0.0233772 0.232948
0.924406 0.55913
0.0194098 0.569994
0.549181 0.943205
0.593982 0.160192
0.354625 0.245857
0.18717 0.90231
0.486923 0.00173956
0.775811 0.624439
0.686697 0.813623
0.577288 0.09653
0.877041 0.713462
0.591968 0.529008
0.292611 0.900266
0.0143437 0.463851
0.430769 0.0111698
0.0447096 0.464858
0.606525 0.582232
0.132359 0.512711
0.392102 0.854305
0.181829 0.511399
0.722404 0.581622
0.753258 0.812311
0.948057 0.998138
0.787988 0.162114
0.616596 0.598224
0.891049 0.980743
0.263771 0.888577
0.701254 0.375561
0.995636 0.766472
0.380657 0.798364
0.142766 0.681661
0.754387 0.751
0.7687 0.237495
0.13187 0.446059
0.311991 0.387951
0.34138 0.829188
0.145451 0.886319
0.00817896 0.868496
0.331919 0.142277
0.608722 0.518235
0.358684 0.143559
0.33076 0.262368
0.131901 0.59801
0.27195 0.644398
0.0118107 0.952818
0.00723289 0.68984
0.170232 0.446791
0.0568865 0.627644
0.0516984 0.852412
0.285806 0.816553
0.219245 0.0630207
0.766198 0.282754
0.366222 0.182623
0.133946 0.775231
0.775506 0.273354
0.970702 0.744865
0.0069277 0.417676
0.242409 0.153661
0.0949736 0.251198
0.325846 0.52031
0.0368053 0.622608
0.654164 0.108219
0.853267 0.536393
0.513047 0.662496
0.00274667 0.0355235
0.0182196 0.601978
0.430525 0.17954
0.806146 0.0725425
0.0333873 0.77456
0.468612 0.76809
0.821986 0.0116886
0.262795 0.925199
0.561632 0.66982
0.128178 0.397992
0.172735 0.0388501
0.54088 0.219398
0.672384 0.220435
0.237648 0.554765
0.938108 0.961425
0.339885 0.454421
0.0751671 0.676809
0.909482 0.31138
0.668752 0.818812
0.46736 0.43028
0.701865 0.247291
0.506546 0.613941
0.42085 0.758934
0.530229 0.173711
0.929228 0.430494
0.646504 0.270028
0.791223 0.932859
0.25132 0.989013
0.426557 0.472152
0.830256 0.0619526
0.57741 0.514084
0.410718 0.633534
0.62862 0.947356
0.696066 0.985046
0.0630512 0.843318
0.412152 0.618854
0.83285 0.467269
0.898465 0.610889
0.927824 0.697928
0.474349 0.63625
0.922452 0.51149
0.61211 0.575671
0.782678 0.686361
0.447645 0.107608
0.713706 0.384838
0.660695 0.193457
0.329997 0.767907
0.255074 0.861232
0.928892 0.299539
0.270852 0.194464
0.148808 0.896939
0.959166 0.932493
0.793786 0.582202
0.451186 0.588244
0.104831 0.792749
0.452895 0.489761
0.260292 0.00579852
0.995911 0.652089
0.385662 0.833857
0.776543 0.885128
0.854335 0.246773
0.113956 0.0443129
0.160985 0.0775475
0.0587481 0.830134
0.148167 0.467055
0.682943 0.0424512
0.867733 0.404675
0.0831629 0.696616
0.858333 0.0210578
0.127842 0.906613
0.12009 0.788812
0.47972 0.942503
0.568072 0.287729
0.925108 0.367687
0.244942 0.690939
0.541002 0.662526
0.0752586 0.627613
0.731376 0.240699
0.441694 0.579119
0.663778 0.264077
0.364788 0.464766
0.137608 0.16306
0.567644 0.572863
0.415387 0.267891
0.206397 0.494034
0.047853 0.457839
0.548112 0.212653
0.225013 0.233955
0.377209 0.0127567
0.683157 0.122105
0.411542 0.354595
0.700278 0.812189
0.509537 0.378094
0.210395 0.940092
0.949705 0.189795
0.568468 0.918241
0.563402 0.588855
0.99649 0.721549
0.00274667 0.389019
0.24308 0.0343028
0.924223 0.992615
0.486862 0.665059
0.369579 0.372234
0.0151677 0.634938
0.125492 0.117679
0.709738 0.846278
0.342753 0.702963
0.869808 0.737663
0.196478 0.63039
0.404828 0.831202
0.868831 0.608051
0.927335 0.578997
0.634846 0.416639
0.777337 0.414441
0.333415 0.621967
0.509903 0.415021
0.00418104 0.789422
0.876736 0.482559
0.971435 0.356578
0.832942 0.44734
0.156865 0.820551
0.600848 0.00234993
0.902097 0.395489
0.32136 0.873745
0.0816675 0.797754
0.324656 0.134007
0.789209 0.313608
0.551164 0.0639058
0.376232 0.806818
0.15421 0.469527
0.126316 0.821772
0.815699 0.8605
0.344981 0.43849
0.805567 0.395978
0.146886 0.0361034
0.317118 0.00451674
0.721641 0.620533
0.108615 0.583728
0.359294 0.87286
0.98291 0.686514
0.0168462 0.574816
0.136113 0.59975
0.707144 0.567492
0.90701 0.221961
0.490982 0.899289
0.957518 0.645863
0.354381 0.319651
0.416547 0.852382
0.75161 0.775018
0.0177923 0.422163
0.0954314 0.0624104
0.762963 0.670949
0.976287 0.298227
0.141545 0.115085
0.390423 0.356945
0.438643 0.673269
0.760155 0.937407
0.161748 0.510849
0.0252388 0.411908
0.118168 0.933195
0.588672 0.115116
0.173742 0.233711
0.39671 0.228217
0.224799 0.903653
0.935148 0.915403
0.414045 0.109165
0.422803 0.868374
0.12183 0.842372
0.98349 0.915372
0.764336 0.652303
0.0777612 0.850948
0.929106 0.36259
0.975829 0.142521
0.880367 0.681112
0.552324 0.6704
0.964202 0.109012
0.185156 0.156804
0.945799 0.0545976
0.0386975 0.441298
0.809107 0.558489
0.513077 0.257393
0.0511795 0.536363
0.140904 0.66805
0.00143437 0.945769
0.712302 0.814997
0.197882 0.782586
0.909879 0.139286
0.350963 0.31428
0.234443 0.728629
0.926847 0.455428
0.503494 0.94763
0.880886 0.692068
0.702628 0.00793481
0.572649 0.461348
0.47203 0.633869
0.394269 0.392315
0.009064 0.479965
0.142369 0.314341
0.667989 0.456832
0.6657 0.439406
0.037965 0.621326
0.819422 0.624287
0.781426 0.787683
0.25721 0.119419
0.0128178 0.515213
0.0925321 0.710044
0.500107 0.629627
0.960234 0.656178
0.469375 0.933409
0.50972 0.337931
0.294595 0.262276
0.861446 0.0118412
0.853114 0.54329
0.0569475 0.584979
0.828486 0.0113224
0.0346995 0.812799
0.741966 0.239937
0.162358 0.827082
0.99353 0.142979
0.857143 0.400311
0.694021 0.603137
0.324961 0.852443
0.569689 0.883602
0.95053 0.00650044
0.720054 0.479354
0.368511 0.0996734
0.510544 0.564043
0.747948 0.0549944
0.381298 0.688833
0.320627 0.0213019
0.853145 0.889431
0.684957 0.586688
0.51204 0.857601
0.916501 0.571917
0.253395 0.333415
0.0161138 0.810541
0.567309 0.374462
0.727836 0.821314
0.146123 0.658071
0.256355 0.779473
0.595538 0.47319
0.916898 0.693106
0.530259 0.558
0.247383 0.190985
0.836116 0.439283
0.615223 0.827754
0.378887 0.430189
0.849086 0.313059
0.942198 0.942289
0.927641 0.570879
0.674612 0.26841
0.255959 0.0348827
0.828303 0.492538
0.561174 0.086642
0.0694906 0.68276
0.938505 0.0426038
0.142888 0.0235298
0.0788903 0.595996
0.170415 0.0441603
0.209601 0.120212
0.366192 0.598621
0.778893 0.73983
0.448988 0.754021
0.415998 0.575213
0.53267 0.243263
0.198065 0.0674154
0.77694 0.6386
0.754631 0.789453
0.578753 0.901975
0.241249 0.649709
0.586169 0.468612
0.714011 0.894894
0.315592 0.52031
0.934904 0.817408
0.65389 0.603839
0.140721 0.574419
0.0265206 0.252022
0.806024 0.0244148
0.512833 0.762505
0.930906 0.98764
0.689962 0.791101
0.886258 0.836238
0.486373 0.915922
0.346294 0.821528
0.826777 0.828516
0.340587 0.0428785
0.348674 0.307932
0.956145 0.466353
0.973174 0.634632
0.721397 0.89758
0.609882 0.599597
0.203101 0.316507
0.778283 0.766015
0.847224 0.479659
0.426191 0.138524
0.595141 0.19602
0.726798 0.897519
0.306803 0.183172
0.135228 0.353557
0.521531 0.909665
0.486587 0.77929
0.587909 0.329966
0.415876 0.274178
0.694449 0.918455
0.881527 0.318888
0.831263 0.908078
0.0737022 0.175207
0.215339 0.14066
0.488876 0.788202
0.209418 0.434828
0.451033 0.346171
0.266457 0.877438
0.862178 0.155522
0.930754 0.945433
0.461989 0.985931
0.426984 0.863704
0.378826 0.54265
0.868282 0.105869
0.252876 0.222083
0.614704 0.44377
0.71276 0.806757
0.813562 0.451643
0.487106 0.255745
0.652303 0.872341
0.931974 0.247597
0.355724 0.750542
0.255531 0.630848
0.458724 0.740135
0.221351 0.439436
0.385235 0.491348
0.611469 0.628681
0.865688 0.524674
0.230293 0.188116
0.222877 0.496872
0.730979 0.787652
0.0589923 0.266182
0.0452284 0.613086
0.373608 0.662374
0.697928 0.547502
0.645039 0.368206
0.78753 0.354381
0.905545 0.81869
0.914182 0.0190741
0.342112 0.523576
0.835841 0.904752
0.453749 0.720664
0.134678 0.878811
0.296823 0.764946
0.674001 0.0665609
0.8493 0.160405
0.127812 0.388073
0.0255745 0.640828
0.363628 0.534043
0.372997 0.205481
0.960356 0.538011
0.980956 0.516251
0.641743 0.600024
0.63448 0.562273
0.907651 0.318827
0.743034 0.998535
0.643361 0.98825
0.0759606 0.0642415
0.988891 0.114414
0.835902 0.488021
0.249275 0.810114
0.10123 0.285195
0.127171 0.22187
0.169012 0.854091
0.0587481 0.647053
0.829554 0.277566
0.934721 0.496078
0.103641 0.235603
0.986999 0.757256
0.474441 0.435743
0.122898 0.119114
0.144169 0.967009
0.487869 0.40788
0.347819 0.484268
0.537614 0.494949
0.254646 0.628803
0.401715 0.332011
0.488754 0.591205
0.819208 0.268777
0.800104 0.223579
0.427778 0.310678
0.917295 0.606372
0.687765 0.471755
0.112918 0.47676
0.221992 0.880001
0.513565 0.424635
0.853236 0.790399
0.684439 0.262215
0.119663 0.162969
0.521531 0.474136
0.550645 0.961119
0.981048 0.153233
0.483047 0.826868
0.67806 0.329661
0.700186 0.289804
0.885861 0.098178
0.674001 0.164892
0.966582 0.450942
0.692312 0.296365
0.764977 0.221381
0.651692 0.303415
0.996216 0.0457778
0.798059 0.484207
0.158971 0.748741
0.195257 0.534074
0.00555437 0.0584735
0.204016 0.234779
0.0992767 0.0587176
0.751396 0.770531
0.491684 0.283059
0.672719 0.827143
0.0495315 0.858058
0.907102 0.130772
0.463973 0.601581
0.82757 0.582415
0.472091 0.482406
0.487259 0.644063
0.323008 0.347331
0.0630207 0.133427
0.0192267 0.322275
0.277322 0.0828578
0.364544 0.793268
0.079989 0.819178
0.349895 0.373821
0.371044 0.920072
0.908414 0.765099
0.0456557 0.20426
0.570788 0.914548
0.142918 0.410779
0.0523087 0.379772
0.378887 0.723716
0.302866 0.303995
0.846126 0.799585
0.0508744 0.908597
0.160192 0.452193
0.372875 0.909848
0.834925 0.652455
0.319498 0.765587
0.167089 0.998688
0.129582 0.1583
0.412519 0.313791
0.0632038 0.620746
0.534104 0.525986
0.385296 0.710257
0.303568 0.488479
0.530656 0.638356
0.0379345 0.895352
0.982208 0.76165
0.751946 0.948943
0.892972 0.840205
0.00772118 0.93585
0.983825 0.46968
0.243263 0.367046
0.747612 0.59389
0.860134 0.838984
0.491317 0.503281
0.852687 0.27131
0.247383 0.226234
0.259346 0.678213
0.0851466 0.719077
0.217444 0.128819
0.854366 0.761315
0.902676 0.0535295
0.891171 0.962035
0.134678 0.552324
0.718589 0.783929
0.930143 0.860988
0.272164 0.991302
0.783837 0.63216
0.682272 0.427839
0.960051 0.186987
0.144353 0.531053
0.574541 0.393445
0.908414 0.489029
0.749046 0.328227
0.918668 0.44615
0.61916 0.377941
0.134922 0.663961
0.477157 0.935942
0.0671102 0.0430311
0.8305 0.351207
0.553453 0.912961
0.65804 0.28547
0.314402 0.495437
0.644398 0.134587
0.313211 0.948332
0.674215 0.670919
0.454146 0.395154
0.367443 0.562273
0.650075 0.847835
0.936979 0.924497
0.790307 0.427869
0.149571 0.563219
0.640248 0.79281
0.671834 0.0612506
0.20365 0.173925
0.581866 0.368297
0.579394 0.931547
0.328501 0.0484329
0.843196 0.0341197
0.918943 0.842372
0.986419 0.367504
0.616077 0.700156
0.442427 0.280404
0.926908 0.94113
0.232337 0.272622
0.163213 0.696768
0.260933 0.231819
0.355815 0.293252
0.794366 0.125645
0.803369 0.729576
0.650685 0.555101
0.0373852 0.907559
0.134556 0.0753502
0.484664 0.770257
0.247414 0.690603
0.607715 0.00469985
0.204016 0.428785
0.805475 0.465377
0.787194 0.402905
0.854762 0.974578
0.57152 0.264657
0.174169 0.656026
0.547563 0.456923
0.691244 0.458022
0.177587 0.171545
0.594592 0.022187
0.414228 0.418256
0.752098 0.554155
0.71337 0.111209
0.0760216 0.852504
0.572283 0.579333
0.617206 0.152165
0.6245 0.406842
0.668386 0.938536
0.822626 0.00994903
0.659078 0.38844
0.740104 0.85638
0.122379 0.594501
0.523484 0.733268
0.515488 0.228614
0.526505 0.970763
0.174749 0.801691
0.156682 0.0263375
0.187078 0.174596
0.96643 0.337199
0.458296 0.478072
0.51915 0.846126
0.760155 0.0964995
0.0625629 0.107547
0.03708 0.872799
0.539262 0.380108
0.754143 0.189856
0.966826 0.611499
0.566698 0.0856655
0.718253 0.722251
0.0943632 0.0574358
0.73394 0.0947905
0.079165 0.711814
0.196661 0.673544
0.70983 0.916562
0.700583 0.58269
0.393414 0.611042
0.445723 0.667959
0.755547 0.930754
0.489151 0.868129
0.150151 0.802545
0.583789 0.823206
0.460494 0.667104
0.636738 0.624989
0.472182 0.484298
0.317637 0.116489
0.600085 0.678182
0.848964 0.646474
0.24955 0.177618
0.508988 0.685263
0.594012 0.20896
0.879025 0.208258
0.0496231 0.996826
0.365947 0.253059
0.228645 0.0291147
0.0314341 0.556932
0.652333 0.0434889
0.259194 0.680288
0.004944 0.389752
0.291055 0.523087
0.210212 0.926359
0.163671 0.639882
0.110965 0.105625
0.0768761 0.259804
0.0337535 0.405438
0.724815 0.418226
0.0195318 0.762108
0.621143 0.105747
0.00137333 0.161931
0.949919 0.840999
0.710959 0.0471816
0.97293 0.573626
